"level"	"0.1"	"0.2"	"0.3"	"0.4"	"0.5"	"0.6"	"0.7"	"0.8"	"0.9"
"1"	"X10001"	0.3453713798595	0.432218755539291	0.487237395156582	0.523823835881819	0.547904200258635	0.553450997042593	0.56571736052734	0.584756547245804	0.614010752556805
"2"	"X10002"	0.338952250390962	0.415700364185294	0.468943551956288	0.506813420085568	0.545296899198449	0.576875055894905	0.604851753904653	0.61663159114407	0.627113170721083
"3"	"X10003"	0.357346426002757	0.429231954640576	0.479422478997981	0.518043194416739	0.550616184050779	0.583528008700446	0.605053280021125	0.643703421203212	0.698727567439014
"4"	"X10004"	0.332306344814367	0.40879682213206	0.458617620971262	0.502082311874443	0.524712777390368	0.547717709643216	0.582678813317648	0.593707356284665	0.607723778750987
"5"	"X10005"	0.322530876140358	0.393803239904484	0.44287982704893	0.477711681282986	0.495079498261618	0.514522215855819	0.54018026752459	0.546757619145513	0.581569440886143
"6"	"X10006"	0.387090064844041	0.493881606262064	0.564806711542572	0.622742287235966	0.671886680311353	0.715654128946505	0.752795007613751	0.795480788825643	0.844279507792058
"7"	"X10007"	0.371506496378643	0.477069923906166	0.549163532764967	0.607931131636103	0.659426713839278	0.701320789973122	0.742502057854623	0.787408205375781	0.827203969120061
"8"	"X10008"	0.390008927911914	0.504650512881401	0.581685407158498	0.639930597726508	0.689136548294895	0.73580765496477	0.779600047409003	0.824632961824785	0.873088342917829
"9"	"X10009"	0.501150361731906	0.616487417911129	0.686729535715615	0.7367689150986	0.777326213168929	0.811587634174819	0.842280819080594	0.868496891191852	0.903912809161066
"10"	"X10101"	0.55533096008149	0.646945951317356	0.703372548348202	0.744514927841572	0.779530373078849	0.812156345044794	0.841329977870064	0.871252263552337	0.908489232960475
"11"	"X10201"	0.498839484516196	0.597087761554691	0.660635924035616	0.707387980928123	0.748168900152085	0.785213952743862	0.820508239541214	0.859052187007504	0.904302048869994
"12"	"X10301"	0.291405967081543	0.363912992124898	0.420539110157233	0.458444504481282	0.477100993925526	0.501267248065559	0.516919976528268	0.549600366873336	0.620970294664757
"13"	"X10302"	0.346696474162363	0.424163287137309	0.470251742817401	0.498549447890157	0.548427778976307	0.577363350451867	0.594654456788097	0.61923403594828	NA
"14"	"X10303"	0.350056224456601	0.452475118096459	0.52487261494846	0.581996849593772	0.627867451415803	0.672364482006832	0.717112974474161	0.752092782137233	0.778504421609841
"15"	"X10304"	0.347987485945247	0.413935327559709	0.453324439450759	0.486521570674415	0.507548574040135	0.54264716146108	0.548319628530977	0.570815391534621	0.589954834715348
"16"	"X10311"	0.351976682853572	0.444823447880872	0.503069105889675	0.547765175413877	0.587078943283294	0.620475570256242	0.65940089539228	0.700557723964299	0.755287768868125
"17"	"X10312"	0.380134781267616	0.478740324060096	0.542436213976977	0.592423789192138	0.628708745169129	0.660296314303728	0.689074738999414	0.719625874844575	0.769039146836867
"18"	"X10313"	0.38317885591938	0.481799316238032	0.544902888909834	0.593310976807727	0.627655868912329	0.659351099212402	0.692490171217131	0.729678162659226	0.782244940233231
"19"	"X10314"	0.318548350621686	0.409285338033146	0.472363296842179	0.51510248961307	0.550482373856097	0.587316892090482	0.610646271028002	0.646582907054542	0.678643535817647
"20"	"X10319"	0.446834134572674	0.565114680696972	0.646934709955591	0.700445669637032	0.740252740465687	0.768632814681641	0.793471826195174	0.815050502518853	0.841246533837143
"21"	"X10321"	0.344351635387836	0.399589518788196	0.446136308347039	0.473015569877713	0.498291975449754	0.512601496073014	0.526487138203004	0.569517018620193	0.653293557110075
"22"	"X10401"	0.553968208460852	0.656863557274403	0.715551376815973	0.757577926173217	0.792220212121393	0.824016676171748	0.8531966704643	0.883716127581712	0.918799856615739
"23"	"X10402"	0.53653145170806	0.636684330422943	0.697520412043586	0.739898645441487	0.775788657093666	0.807987111044043	0.838655156406211	0.872585128386707	0.911819400367725
"24"	"X10501"	0.557720304856262	0.651922909735331	0.715351010355691	0.763920525023379	0.803215112115946	0.835857730911769	0.865313808711816	0.893978475036236	0.928672610684026
"25"	"X10502"	0.574227040536297	0.672345464068828	0.731133741460262	0.775670794579847	0.80898162870806	0.838865615051182	0.868211990846208	0.898730420578594	0.934426011912183
"26"	"X10511"	0.4677536919347	0.560880395357942	0.627488590357836	0.680356827096189	0.727536847732315	0.771144498951051	0.812367615006134	0.852865005410614	0.897297710611673
"27"	"X10521"	0.615649209570858	0.703198767404958	0.757412910984984	0.795522607137459	0.82632231501963	0.855121537564858	0.881085527798292	0.908086268830903	0.939756844886291
"28"	"X10601"	0.263260684934052	0.345694690002113	0.411626341579787	0.466586413366696	0.517266989903727	0.562160065688927	0.597694656325851	0.647402024404751	0.727812559835273
"29"	"X10701"	0.414744497004308	0.509305901828265	0.577608249291749	0.632846729277891	0.679410388645551	0.724429023717269	0.768506748305882	0.812592604319285	0.858875101289762
"30"	"X10703"	0.611121459032125	0.696206052529382	0.750433062539395	0.791448944220532	0.825638339330029	0.854795212887602	0.880480469242548	0.905785131711295	0.933660771891958
"31"	"X10801"	0.393705617302039	0.501667364431635	0.578647310119736	0.631902431280136	0.669094873769527	0.70125284398381	0.730634638602757	0.756423699443991	0.794139115845674
"32"	"X10901"	0.29399176481194	0.338099716261462	0.367184340646513	0.396907693907577	0.418073736609842	0.424756257928641	0.44715119898174	0.478450833719952	0.510351538183859
"33"	"X10902"	0.294079032296811	0.323982091694358	0.354951804445773	0.385611286862107	0.39368351660779	0.422914851022298	0.449120193113625	0.434046178645981	NA
"34"	"X10903"	0.311765774345089	0.358878945780804	0.394364462672304	0.421385249830649	0.443277693323779	0.45770383285413	0.48652821947026	0.49303347831367	NA
"35"	"X10904"	0.333130536050316	0.382236515637031	0.415470082561235	0.444800290944183	0.473810370723702	0.491368576349848	0.521004123932917	0.536515375194037	0.559613399272682
"36"	"X10911"	0.401274296182859	0.516769805617475	0.589709237063747	0.641835634175717	0.686783085724738	0.722897480917827	0.756937884725395	0.790723362655883	0.827542993718777
"37"	"X11001"	0.468551392754327	0.576363714297668	0.647700575917688	0.700991218527486	0.740526454428263	0.773055967578266	0.800189024088656	0.828979206105787	0.865428097230957
"38"	"X11101"	0.582907949186841	0.672495145204772	0.731071647146364	0.773844267544569	0.809185939633349	0.840170589891641	0.869837466971878	0.901759539812613	0.936611690507775
"39"	"X11201"	0.513260103064975	0.619979566995441	0.690524258776862	0.743181233060006	0.782637489576748	0.815395490221528	0.843849217408155	0.868979393045387	0.89716828443513
"40"	"X11301"	0.427255988318365	0.542764344993781	0.619248474449261	0.675167766716916	0.719553206797438	0.756955752810457	0.783305447211718	0.810344765440781	0.838764999630647
"41"	"X11401"	0.378245831134008	0.498474023821925	0.57703394315555	0.632609485235175	0.67308488949167	0.700335418426651	0.730869758221559	0.757773399521229	0.790042507365105
"42"	"X11501"	0.335064684796754	0.430272723585348	0.492884987047544	0.535038968364002	0.569223201654033	0.592996988916371	0.610748876693288	0.64655589734396	0.650797182277547
"43"	"X11502"	0.334220407037064	0.406888777707219	0.452247664212591	0.483167484633848	0.508665726241565	0.532699792739276	0.563727708549624	0.588609646385727	0.629643956705604
"44"	"X20001"	0.551850039203627	0.645140515798546	0.703976830363226	0.75166278775749	0.788931949253527	0.824344620822461	0.858355880852364	0.893080596980068	0.925562377417776
"45"	"X20002"	0.552617050256619	0.645331565094528	0.704982846077922	0.752351621783816	0.790253977285658	0.825512466182265	0.858839497630842	0.894074986959814	0.927058532378879
"46"	"X20003"	0.552128473543111	0.644954854164582	0.705237898723201	0.751715576177071	0.790838303631045	0.825471109760376	0.859302771580462	0.895339923602345	0.926459808664987
"47"	"X20004"	0.548258051349524	0.641695606434993	0.701726561358729	0.748737230841112	0.788879363178241	0.82528092004456	0.860458146888089	0.897147693035767	0.927210912774087
"48"	"X20005"	0.540323309596695	0.633302888405983	0.694145581465941	0.743199066146807	0.783909344683303	0.822365351588852	0.860339854378909	0.89508551504505	0.928330648797937
"49"	"X20006"	0.54390668625053	0.63609308737718	0.697014367535423	0.74476615210841	0.786391817768172	0.824607646434587	0.859771403043784	0.895010664588772	0.928154759724077
"50"	"X20007"	0.589251780653284	0.677550036889621	0.733524078829134	0.776195820434841	0.810001255903532	0.841407879078389	0.871915320445563	0.902654130062859	0.935776842945277
"51"	"X20008"	0.585761068400932	0.673690671826926	0.730451447642039	0.772402433601818	0.805847683209451	0.83769381735901	0.865345678029538	0.896272675941396	0.930532534389175
"52"	"X20009"	0.585842161911943	0.674842629150307	0.729743134306224	0.771207102662294	0.804183598737128	0.836168121441403	0.868180296133775	0.89921183219852	0.935087028916345
"53"	"X20101"	0.504183689171566	0.589627437523687	0.646715929375976	0.691465492158224	0.728410756987143	0.760581605737745	0.787708148598869	0.814133687870274	0.842020206564378
"54"	"X20201"	0.62195423872337	0.703337757114856	0.753801554433614	0.792191189720703	0.824204410593298	0.852733719005845	0.878720352740031	0.905563722679692	0.938858176669274
"55"	"X20202"	0.620751704526129	0.702784651041579	0.754283498523445	0.792103256900584	0.82549690207404	0.854912191432321	0.882350230522358	0.908793907191597	0.938487418851404
"56"	"X20203"	0.613293588042105	0.69700837819529	0.75092667319724	0.791499025057543	0.825995099030928	0.854584728467591	0.882776326384507	0.911400052189396	0.940298172426232
"57"	"X20301"	0.431998024839349	0.517935853044191	0.577327765876508	0.618675555191734	0.650601599518289	0.678213048489419	0.706277897285341	0.728695775674083	0.72065640067877
"58"	"X20401"	0.506744653328471	0.601350276678775	0.663975296882668	0.716780187487294	0.761478720114015	0.802636075580062	0.84129719727958	0.877243056138524	0.920373016037682
"59"	"X20402"	0.498939271250187	0.595525928040357	0.661514625271108	0.714603575637127	0.760487913418185	0.801316476668055	0.837769875368716	0.873757734892277	0.911286742858613
"60"	"X20411"	0.631377488211228	0.710335203085533	0.759555751745956	0.79654181673007	0.827780979073711	0.855166525722632	0.881933208195085	0.907380211273386	0.93827778778015
"61"	"X20421"	0.466692774546464	0.565366107736489	0.634089343404301	0.689603923920403	0.735327716215052	0.777070581003139	0.818169723625811	0.85720165077452	0.897555816912444
"62"	"X20422"	0.439359338680877	0.539725369201499	0.612165871684784	0.670353639005346	0.720774663025523	0.76327218764334	0.805616309452978	0.844137096916925	0.883685812663592
"63"	"X20431"	0.481466366038166	0.578223330906478	0.645012508190506	0.696400295373632	0.740325386220435	0.778490038390902	0.81246802205631	0.84376849220564	0.881116573874037
"64"	"X20432"	0.215875318289272	0.274233170347244	0.313039263973501	0.3472752183071	0.374481160234008	0.405783436739859	0.431620652948383	0.448237272167699	NA
"65"	"X20501"	0.609446298493073	0.696947211265602	0.751338829121515	0.791091885224461	0.823700612562572	0.85313886439744	0.879683688715314	0.906362031816296	0.936789553191558
"66"	"X20601"	0.59664124727704	0.68513981610675	0.738652973449552	0.778795811769486	0.81103542222733	0.840345117028823	0.867994289450194	0.895952066940768	0.92830215958069
"67"	"X30000"	0.373429147824268	0.468281380540622	0.534636959504772	0.577245407423511	0.609319860637187	0.636213094422802	0.662586322990438	0.693747735980578	0.749126941479534
"68"	"X30001"	0.359979404832683	0.444751907624968	0.497879048582059	0.544545613987901	0.580726126471828	0.621857526762651	0.655826882954274	0.671831036090725	0.690428051182328
"69"	"X30002"	0.368440998002255	0.444413046322641	0.511404667010387	0.544981966993433	0.572149632923356	0.62397428003817	0.687409580993696	0.703893550161884	0.742169541974212
"70"	"X30003"	0.378461511334389	0.451926977410771	0.543487618451361	0.583024853369047	0.620434072103035	0.656918716600249	0.684357222791669	0.713488397339671	0.73710618975236
"71"	"X30004"	0.413847241232591	0.504533665583997	0.565449819621509	0.609478423411291	0.64653073962683	0.681309419304084	0.703917575178577	0.726070465023985	0.72741494185398
"72"	"X30005"	0.401222126856237	0.501569319273915	0.568487895873695	0.618745412506564	0.661723289005679	0.692711432638808	0.726187800694117	0.757906755815488	0.782187327515001
"73"	"X30006"	0.394587119154186	0.489820271928801	0.548900383699371	0.595511329622533	0.636188997306698	0.670838982699461	0.698487645166664	0.728700239761921	0.757987123816257
"74"	"X30007"	0.402388991565901	0.496249265699024	0.555905101895053	0.602909404841998	0.636869456109551	0.671339847622976	0.702359708421907	0.733884740991955	0.76005899251552
"75"	"X30008"	0.384679113714934	0.474907412641728	0.533914284244771	0.583614633526604	0.621525255069004	0.647453871316349	0.671347831456237	0.68650800891084	0.729848893087763
"76"	"X30009"	0.361563555325583	0.453041273766082	0.514758993906059	0.560008759135311	0.599229514117353	0.624160315727921	0.650821219985195	0.68516806427361	0.732134227779288
"77"	"X30101"	0.514064928708625	0.624448176391033	0.692876276933036	0.742094231095167	0.780107353756556	0.813866660541835	0.845785710028015	0.874992836840902	0.908797083117161
"78"	"X30201"	0.335510209763168	0.427106264454729	0.485396712843691	0.53299609478192	0.559455788252439	0.597442612457192	0.61876061556768	0.651640228788499	0.679532068301486
"79"	"X30202"	0.444317001475242	0.510641849672233	0.564596479587837	0.606879030796932	0.645147305756627	0.670522253255224	0.700970202742885	0.722607041689963	0.760845530587951
"80"	"X30203"	0.420387745155066	0.501384216139887	0.549663302518068	0.589632832211081	0.620133504080373	0.649787483649446	0.67934366910882	0.707566133187885	0.736167963244854
"81"	"X30204"	0.438049195671056	0.530953647707127	0.595456779118731	0.646090313938025	0.688451300880969	0.72052261168556	0.751503763922027	0.780763848702914	0.810591934308824
"82"	"X30211"	0.290950274230123	0.381762520864718	0.437659759517052	0.47995961734508	0.515281990459904	0.542832721706119	0.562118936692603	0.584096381488454	0.609983577828466
"83"	"X30301"	0.343237444883736	0.429330929441137	0.485180013965754	0.523084811266845	0.558705238732247	0.585287894599719	0.609288624142773	0.627223550138287	0.673850285161516
"84"	"X30302"	0.374586418934301	0.466931676819844	0.520012183950129	0.561472590465906	0.591813890933033	0.621292046473919	0.640532435294165	0.656859405168613	0.694571198019289
"85"	"X30303"	0.382278864309752	0.475501892362373	0.531564834432016	0.568942391809066	0.601618131763921	0.628875641141054	0.64701460408152	0.672273149696623	0.678318813200776
"86"	"X30311"	0.31428238849881	0.40611327638154	0.470501230512205	0.521727242778996	0.564644345585363	0.598158017530645	0.627513483020966	0.629157335864698	0.665077817143842
"87"	"X30321"	0.292095436023407	0.389729947135136	0.452730919417946	0.50380367909301	0.544990207207285	0.575058336580436	0.598332453150044	0.605905314977767	0.63972809396543
"88"	"X30401"	0.29865265173316	0.395069360642041	0.455551223644321	0.500605077336658	0.536551152505509	0.566428309132098	0.584851694768382	0.614259932165738	0.632428469094109
"89"	"X30501"	0.423634454694616	0.52538424013646	0.591503613746892	0.639699406286479	0.674518750080565	0.705423613015826	0.736656335027776	0.766578115057724	0.796359099807099
"90"	"X30601"	0.39951840130708	0.489059746551385	0.546253152367321	0.590675597156223	0.625875503094332	0.657728644751073	0.691207960163914	0.728087963853195	0.764487267771523
"91"	"X30701"	0.382738639493294	0.471966873085147	0.532746734392817	0.578995177056164	0.62018041401515	0.654893781622602	0.690617129597545	0.736885880535354	0.772838458178164
"92"	"X30801"	0.38783791871899	0.467843656845341	0.503054647077582	0.540774782378098	0.584271124794618	0.599084539831224	0.640479759100456	0.65790067318394	0.661461556696371
"93"	"X4101"	0.618602367354826	0.709827368197125	0.768575064032708	0.810637123334442	0.843598783130272	0.870946669616645	0.895881845224553	0.918202625055505	0.941342512103216
"94"	"X4201"	0.577971527917956	0.670947903057311	0.732926374491069	0.779180278190872	0.817921568212308	0.85001219909737	0.878786073480546	0.906434732590614	0.936125281065396
"95"	"X4301"	0.598333359912542	0.694413276296082	0.752907231353996	0.795628837417087	0.828378965994773	0.854790655869461	0.877726430029726	0.900373539006675	0.926470693778949
"96"	"X4401"	0.639032510795983	0.726306759006854	0.776917220069736	0.81449587486318	0.842088557312122	0.866414428500639	0.888236194153751	0.910046950859716	0.93527671559869
"97"	"X4402"	0.61949380710531	0.710392018122943	0.76349321921161	0.802965289297339	0.832992374123276	0.858740809182661	0.882020987801988	0.906284500195808	0.933196272173368
