"level"	"0.1"	"0.2"	"0.3"	"0.4"	"0.5"	"0.6"	"0.7"	"0.8"	"0.9"
"X10001"	"X10001"	0.421450570307361	0.502118834891871	0.550275075578839	0.587782796686186	0.619994231488228	0.660365952416644	0.691024872220673	0.727295077796606	0.767588436001747
"X10002"	"X10002"	0.435408920485521	0.509747922209935	0.541900982164522	0.576754328032385	0.601913232189946	0.625767365401466	0.655448755944102	0.688399869580336	0.759338622641642
"X10003"	"X10003"	0.421395945269996	0.488079553747472	0.527256440593252	0.560454469486361	0.586883152891003	0.614179404769211	0.646797891401565	0.69311085473535	0.718835753077575
"X10004"	"X10004"	0.393361173022264	0.45378824490822	0.486292073636011	0.508006757540634	0.528665894370794	0.547241163965506	0.583234349475302	0.619789288701122	0.675798692380273
"X10005"	"X10005"	0.380222326883961	0.431116270529817	0.462581457291072	0.478533897906465	0.501247138154724	0.519379752647541	0.554297293938188	0.59037212040561	0.643808624477258
"X10006"	"X10006"	0.408455202420689	0.471492530241715	0.516740599771622	0.547719885733445	0.583874755531612	0.609570257007128	0.632798010090453	0.668583524108949	0.73673352885511
"X10007"	"X10007"	0.386260342626443	0.456912963503111	0.511050689101751	0.561060819963369	0.602357819914853	0.650773552045448	0.689028845310511	0.735495529632988	0.766360746895531
"X10008"	"X10008"	0.393937911390011	0.481878329455501	0.537568859422961	0.579427862271682	0.621819866849055	0.655256229090219	0.686922621005728	0.739740247530964	0.789776483754007
"X10009"	"X10009"	0.391232774984637	0.462580552706216	0.517105633073663	0.548848140531547	0.574982208085568	0.59855844555411	0.630858756608565	0.661730805138636	0.722425710141074
"X10101"	"X10101"	0.60783158792975	0.70765369349789	0.765464241770828	0.807631605204203	0.834468649587493	0.856349246905953	0.874224072127891	0.894473922871609	0.903401815390378
"X10201"	"X10201"	0.463655754226656	0.540802445872833	0.588491682020952	0.62413393679289	0.657857524628228	0.686591662123609	0.719161609763407	0.752896970724238	0.798262389646637
"X10301"	"X10301"	0.381226283040407	0.4795431996607	0.528965155865918	0.567370984771025	0.576333713896013	0.609333756646115	0.66214486582441	0.722660670714512	0.749306000432131
"X10302"	"X10302"	0.414543930716883	0.520901045804412	0.564480717982537	0.59015078313091	0.610307222183105	0.634656497041363	0.658384025955637	0.729257341173308	0.834892787524366
"X10303"	"X10303"	0.380310947848429	0.477294043926688	0.529167483321045	0.577697921724199	0.599228362391534	0.622384423355638	0.659001324239822	0.730994662881131	0.73231023263507
"X10304"	"X10304"	0.359657250307207	0.440878396051406	0.4803400967482	0.511739943407056	0.528715342265689	0.547307168328314	0.577258456048289	0.600640688434621	0.619364873446216
"X10311"	"X10311"	0.414709354812753	0.50910333557781	0.563870464774924	0.627201535149272	0.677524777665691	0.709098145940076	0.74035914598126	0.760163322849433	0.803174189352847
"X10312"	"X10312"	0.517114362860722	0.628047753320934	0.68276167587083	0.736050024707014	0.777059525710764	0.80449510381272	0.810250747858778	0.791158795837511	0.64521128362259
"X10313"	"X10313"	0.523721409213884	0.644873382810748	0.704518549458333	0.742132777659343	0.768628245150648	0.77547512641819	0.810434181609258	0.828483771679713	0.818816620704493
"X10314"	"X10314"	0.487143602931476	0.606989648988081	0.659786447656684	0.663320414065148	0.681042516199035	0.678810962969342	0.659768170426065	0.695591636510109	0.803413498266439
"X10319"	"X10319"	0.356020874223319	0.468916740660877	0.551967790898057	0.626875418500061	0.687608372196647	0.748415997033709	0.752900556488281	0.733673123280738	0.763559998370125
"X10321"	"X10321"	0.379866069268126	0.47053256705312	0.513047733601662	0.546551047360289	0.562836151857422	0.619466126191202	0.68193826969086	0.699181032755164	0.79776936026936
"X10401"	"X10401"	0.555732672423528	0.655892392469081	0.714463856313335	0.753028146150571	0.7866267428088	0.815817899446125	0.835321505319226	0.85777386834537	0.884974724440928
"X10402"	"X10402"	0.501820271788225	0.594053047773708	0.659180912758457	0.698967878640304	0.743327521456489	0.774878508622782	0.802962552477242	0.837419992387748	0.877444614066795
"X10501"	"X10501"	0.438745977303269	0.547338662185659	0.616620847290064	0.666211961531224	0.709584295307087	0.743724279735973	0.782606417734044	0.825638496754891	0.866915726017842
"X10502"	"X10502"	0.378972494554147	0.505564567997559	0.589696620755151	0.649123510886658	0.710980186096629	0.758974869038188	0.803596263706387	0.858053814969748	0.895289651044127
"X10511"	"X10511"	0.445747258232589	0.535641547976408	0.58878948388467	0.630744038100019	0.666636360128383	0.700876860326113	0.732429427663882	0.770443058987474	0.827360617104077
"X10521"	"X10521"	0.504036040556448	0.594119580300285	0.646221893390786	0.685254211336837	0.718747374563811	0.749445670743159	0.776227584230645	0.812561393112976	0.847197185667382
"X10601"	"X10601"	0.354404049391702	0.428216057296145	0.473084748737769	0.505872329101347	0.533652180181431	0.55137487177835	0.580041524495768	0.607312739355584	0.643556484677872
"X10701"	"X10701"	0.473045358927073	0.543509224401191	0.588305879711216	0.623804818075362	0.654811276184642	0.684488910309311	0.710754254560709	0.73815412090816	0.779146508326991
"X10703"	"X10703"	0.413493241544574	0.472305478100475	0.51384504866456	0.551686987897822	0.587760293399717	0.618971651042875	0.652602491771706	0.692357753741732	0.752766101268179
"X10801"	"X10801"	0.364081153922281	0.454711412446245	0.514763585695974	0.567494168262547	0.621073004139497	0.665037626061255	0.712489793490806	0.756568047354451	0.794636664116802
"X10901"	"X10901"	0.374295414583533	0.464000526706808	0.52429042031082	0.56543938333436	0.593409113177465	0.608384197894683	0.616916276658066	0.62827487390382	0.692694036678999
"X10902"	"X10902"	0.373014015083525	0.463731440186056	0.515569265885076	0.566696031337928	0.602004388517978	0.650712612799319	0.695255392654587	0.633473691082387	0.774187315579589
"X10903"	"X10903"	0.387710687991379	0.485271627608101	0.541178688297131	0.590689466860517	0.642389741344525	0.665980178987249	0.694072524005445	0.710430572905674	0.794671201814059
"X10904"	"X10904"	0.383157230636583	0.469767917528575	0.522141340961189	0.556619574356589	0.56653325400581	0.584120707486938	0.601144548888735	0.63168818323686	0.701420011009809
"X10911"	"X10911"	0.374927599595946	0.506449733626297	0.605585544161311	0.655891633233094	0.703873806617408	0.729908149144048	0.775437961946606	0.813093847411354	0.831051319091331
"X11001"	"X11001"	0.344406265141287	0.457441852677418	0.543229513009301	0.607548824145611	0.661636477402352	0.712624621817071	0.768852236668453	0.818751446352614	0.863000397028424
"X11101"	"X11101"	0.412508006569332	0.477108004590661	0.520981678891375	0.556375861805778	0.585049402138056	0.616552864354698	0.649949537478798	0.686654903024259	0.739824447614737
"X11201"	"X11201"	0.415164678241385	0.51988035344911	0.595065661855054	0.64747978538233	0.693043970970297	0.731983040353175	0.772618541904374	0.812230402175413	0.869533559578498
"X11301"	"X11301"	0.337317434619203	0.418317248557479	0.471927311161717	0.519544358064776	0.572535898559666	0.619959134531998	0.66854315006149	0.707970353057624	0.728530165304262
"X11401"	"X11401"	0.289286523738393	0.348313211668297	0.399165719902034	0.442249295685449	0.475092555614293	0.522252533113287	0.575723713272854	0.621361684665776	0.660035235622474
"X11501"	"X11501"	0.401143651183201	0.505535457954689	0.575892244005266	0.618315652951431	0.645376154170933	0.663291553486824	0.672026741003943	0.644953580224202	0.646117519735167
"X11502"	"X11502"	0.387546130063982	0.477211542751398	0.545475836770686	0.580511301964717	0.607142226600413	0.62798814874949	0.63883559114184	0.645675749463289	0.652849784610457
"X20001"	"X20001"	0.353620223857082	0.438013078033201	0.498446766578352	0.548050380089835	0.591546999947798	0.643547505150951	0.68873742119832	0.739797909985857	0.810158152344743
"X20002"	"X20002"	0.338140657006975	0.417529923715157	0.472569253996226	0.521046489917281	0.562628537969184	0.6111572861499	0.661550175664444	0.713094884004988	0.793832858700163
"X20003"	"X20003"	0.330833190446318	0.401409951804628	0.457225012600531	0.504141028492356	0.548355863162924	0.586354549241813	0.633054761563085	0.687037032204353	0.775158538372284
"X20004"	"X20004"	0.342412141116221	0.435314027736912	0.500317265782401	0.551605519902748	0.602164910536413	0.65133404090094	0.699805550322576	0.747570223455363	0.815437401562128
"X20005"	"X20005"	0.338586152085308	0.419522364549472	0.480444833734162	0.525988575575823	0.573112827136153	0.618488758197766	0.667680707797079	0.729971025276582	0.792939560453383
"X20006"	"X20006"	0.343745148811759	0.42234790206175	0.485372853139833	0.535131562127016	0.573503765632319	0.624664186922795	0.678086171539365	0.733956472108753	0.810207130985424
"X20007"	"X20007"	0.31535863582914	0.371817056901787	0.416798047849813	0.460199057687919	0.496665856236418	0.529123131039099	0.568365901422824	0.616135047110839	0.695343367987341
"X20008"	"X20008"	0.319402100532406	0.381568438629798	0.429952247270602	0.467223479464247	0.50082801970032	0.538609856810466	0.577310603626661	0.6229044097375	0.705221886681591
"X20009"	"X20009"	0.306326674874055	0.369534286173164	0.41971308984738	0.451403107864504	0.493454332148536	0.534431690790947	0.571475765964875	0.618795796516894	0.680739682750261
"X20101"	"X20101"	0.423636731398254	0.505520425159823	0.553971359591133	0.598819783538529	0.640214027598256	0.675279543062483	0.706294550327332	0.743924648104391	0.794167859934561
"X20201"	"X20201"	0.511211495818922	0.615179488203685	0.673984000725981	0.719373504137138	0.745907043464236	0.778682300058062	0.812254400479878	0.847893070353482	0.892138222222683
"X20202"	"X20202"	0.538091448621877	0.652636084862305	0.708754833183694	0.746977621790043	0.775365128430421	0.80633186187307	0.838697829108376	0.875186266894554	0.916957159429248
"X20203"	"X20203"	0.530467869799751	0.65421467476221	0.710205060735139	0.745183495790447	0.783854983174734	0.821983694380729	0.847691985469011	0.884749190582323	0.925610824279745
"X20301"	"X20301"	0.61039340228553	0.721410399407059	0.771427017901403	0.804003811910884	0.825316561538935	0.846821625401639	0.862839879921438	0.884336005302299	0.908150593541375
"X20401"	"X20401"	0.494755116492683	0.568250953986072	0.617621626706953	0.656396412294384	0.695570594738356	0.728691088429738	0.760589821474517	0.789817892278022	0.826932981542872
"X20402"	"X20402"	0.494443570049231	0.56792692179433	0.620539609147944	0.658384989022596	0.690828803280375	0.722448911762051	0.747828082983118	0.77476825643637	0.814568731196945
"X20411"	"X20411"	0.389111927685311	0.452719084918638	0.495371827869731	0.530992529376024	0.561243218541781	0.592179816302446	0.630129323772799	0.678950371650803	0.74537939003307
"X20421"	"X20421"	0.450618165680611	0.527779730415579	0.569148614197983	0.607662023235607	0.641066239530479	0.671998623188448	0.705534301801397	0.740977970950439	0.789272889989785
"X20422"	"X20422"	0.430962682121091	0.508548247190563	0.557974200921801	0.599000314732005	0.63207209143817	0.661971619282008	0.694013074419658	0.734764002647567	0.794958617615927
"X20431"	"X20431"	0.523698986343703	0.598964362562371	0.64742695400506	0.685260344948586	0.715355914942124	0.74623960401099	0.76818043456492	0.794623617588605	0.815078475943308
"X20432"	"X20432"	0.440744167018511	0.531555897069908	0.577353668907084	0.605970251337683	0.628864329316423	0.641801875657123	0.651116665309622	0.66576643855009	0.676133304993728
"X20501"	"X20501"	0.343896087623491	0.413299050558498	0.463259526447283	0.51068765301017	0.556935855373878	0.604138478032549	0.65563898636282	0.713089754381269	0.787328983745777
"X20601"	"X20601"	0.346415450912497	0.41277375141927	0.463401298262226	0.51118608195213	0.551294101490941	0.58975301280735	0.633540431169301	0.685685107733576	0.781106904253734
"X30000"	"X30000"	0.349355315152846	0.429194114978649	0.46705834097098	0.503570046703663	0.523815832364836	0.527545847196821	0.524995353270493	0.516487491391917	0.547759721725896
"X30001"	"X30001"	0.36111017259328	0.450603632282914	0.510040156413774	0.532129707936417	0.551006433307928	0.563081174916847	0.572176597188532	0.639243995498589	0.741192578641618
"X30002"	"X30002"	0.347655662694372	0.415524978907306	0.456590432561656	0.493616773252115	0.533640420344545	0.561673305793241	0.588753330617884	0.622442009257078	0.68622962428518
"X30003"	"X30003"	0.341210730407666	0.418122048276207	0.474290137471663	0.514257224670396	0.571355021898959	0.607568068229663	0.643133558884811	0.655268813018048	0.751953061580497
"X30004"	"X30004"	0.347839392646523	0.414900758677781	0.455811802870257	0.493961285426378	0.525746821818499	0.565599652176087	0.606404840578908	0.654217007882446	0.74746550358655
"X30005"	"X30005"	0.364262574443936	0.409409904915903	0.452939913911252	0.488156581682606	0.524271058755168	0.54865914664477	0.574726866941734	0.572555578738115	0.64733643409153
"X30006"	"X30006"	0.355227156046976	0.404666215328841	0.443011999156788	0.468099180091174	0.503169318685721	0.531918639019841	0.563898306927621	0.610821116238977	0.688522121975113
"X30007"	"X30007"	0.345798993771858	0.40236935148006	0.425901034135117	0.453858284772083	0.485028167750567	0.507562199586308	0.542078270755145	0.579812966223064	0.624404831060724
"X30008"	"X30008"	0.345246551715413	0.39119464322009	0.411689213683325	0.433913204097095	0.456610375228531	0.474622083561828	0.501789108981263	0.526431686619186	0.583315095693739
"X30009"	"X30009"	0.36485506172355	0.417865228812279	0.448698417154963	0.459430205024725	0.480337500261787	0.489919197959849	0.514347449704012	0.548180388424796	0.588079071524765
"X30101"	"X30101"	0.495889186465826	0.568256842401536	0.618481403540961	0.657699004479918	0.689889793330424	0.714686614240962	0.746943506664183	0.781247691960456	0.833486761943242
"X30201"	"X30201"	0.367725055416539	0.471527422002041	0.521475992007906	0.55648638943329	0.57983903397862	0.595552264239275	0.644749984887965	0.738737388984995	0.798979045862277
"X30202"	"X30202"	0.366946568982357	0.46383320685255	0.516959184595278	0.562157578623809	0.600273407187294	0.640207275127584	0.68806815347045	0.708866437141677	0.742248998559941
"X30203"	"X30203"	0.369698076080293	0.487708154009673	0.559647395404577	0.614403672836973	0.655538988207831	0.697854834449505	0.729907936410188	0.774311206480752	0.806878620018465
"X30204"	"X30204"	0.353624220058361	0.46284779963946	0.532319148521057	0.584085780756712	0.621042629447909	0.650798246773472	0.69258312264689	0.740218139083421	0.777071800484584
"X30211"	"X30211"	0.301525349431651	0.39257228479093	0.459620477357267	0.503981358197538	0.538982664159739	0.57379470636777	0.600597807120487	0.626103285243949	0.668414085447286
"X30301"	"X30301"	0.438743604128504	0.545299983312685	0.583827791717904	0.611850121833861	0.643144799412008	0.665812378493877	0.69718888051559	0.715466348289353	0.76086230061964
"X30302"	"X30302"	0.44938568781996	0.558955379689009	0.616289767144666	0.643247899297542	0.659791069161705	0.682327362772865	0.708187040637403	0.725285086608497	0.797924085266778
"X30303"	"X30303"	0.458871886031972	0.56388450882984	0.624723846487171	0.657479625222306	0.666335613947049	0.674412689449134	0.685381684021719	0.70515273758698	0.766956369842299
"X30311"	"X30311"	0.38341778319242	0.489390985122906	0.527132819488981	0.558719998923351	0.602147391594923	0.641174710971967	0.661623424962839	0.694563460330926	0.753990580462568
"X30321"	"X30321"	0.331725948631611	0.408957198296362	0.462123031714519	0.498387817778675	0.529093506402274	0.557803901756936	0.591425182628669	0.663486863038871	0.75287808615323
"X30401"	"X30401"	0.444351206506495	0.531819709382676	0.531005641656814	0.540895961559562	0.540746196311594	0.545862948272229	0.563744082555387	0.606726578044408	0.600312405320894
"X30501"	"X30501"	0.317405641688487	0.394916427172116	0.434391258542254	0.455911779024499	0.481201528032353	0.51200399699542	0.539351130764501	0.556107837108267	0.593123747058908
"X30601"	"X30601"	0.486346599952784	0.594180339837293	0.644967143442148	0.695263280032847	0.741772980722767	0.766386997639851	0.798120281429203	0.850831807971334	0.883947094857215
"X30701"	"X30701"	0.395215263202923	0.505467725830041	0.569688849917082	0.599003220600276	0.615669082641442	0.611281453782564	0.608665422360633	0.643973517901595	0.732430751140776
"X30801"	"X30801"	0.425864528066032	0.513757143318205	0.564133771923619	0.604341440052973	0.638955806905271	0.665299127428648	0.686666249356535	0.720542195267027	0.77700979493982
"X4101"	"X4101"	0.44458425842651	0.550693877213257	0.610400758142118	0.654198324425013	0.692098613026352	0.724465784410662	0.757885127535075	0.788890368004292	0.82685671196415
"X4201"	"X4201"	0.379564662629379	0.474495943808849	0.535805012486271	0.586814535281654	0.635110747113971	0.677209864692741	0.709718765739128	0.759544167215025	0.808891276306522
"X4301"	"X4301"	0.475029266050579	0.575331847599258	0.632385646052361	0.669554684557195	0.701469164674072	0.733287647924943	0.769332515313492	0.80073973119874	0.841963401588367
"X4401"	"X4401"	0.437628892013489	0.553273976227428	0.626508236526345	0.670932611566023	0.709557017633967	0.741263230126228	0.763317295272703	0.798472915553701	0.842724405063909
"X4402"	"X4402"	0.403625066408432	0.503546897871605	0.573089774264104	0.617450415530862	0.659889234084695	0.698225782519131	0.735564045108713	0.779002052708366	0.824984692843536
