"level"	"0.1"	"0.2"	"0.3"	"0.4"	"0.5"	"0.6"	"0.7"	"0.8"	"0.9"
"X10001"	"X10001"	0.466895918287323	0.558480917048073	0.595117607608821	0.628130908937094	0.634838637349883	0.587471598554137	0.645897939720383	0.571022344864719	0.958333333333333
"X10002"	"X10002"	0.446549140704088	0.535119253407131	0.585507379167844	0.624284413888745	0.666510125280458	0.712248713701645	0.740874318506001	0.759513218365343	0.758480487357201
"X10003"	"X10003"	0.456115704798993	0.5526664617048	0.600142246126965	0.634033931924988	0.662870084067291	0.693492641639931	0.734759079604003	0.784038829516931	0.795975035313271
"X10004"	"X10004"	0.43811544142603	0.522939148680908	0.568962010344942	0.620383301093782	0.660394756356227	0.706159776532572	0.74334594638979	0.723748253510158	0.724368133085238
"X10005"	"X10005"	0.430844524030502	0.517230247655933	0.566049933563151	0.603397053069996	0.644683142284438	0.661984019244191	0.676420106844456	0.66327351917884	0.782642881714089
"X10006"	"X10006"	0.41364508856476	0.507826829981535	0.576546827450058	0.627276108113418	0.676390861057116	0.721067044202913	0.75560561770437	0.814712184801221	0.882173763107227
"X10007"	"X10007"	0.393739646216133	0.503982009859033	0.574421239993666	0.629903140454246	0.679667471068577	0.712091824702316	0.763374173122956	0.824063622231097	0.872220778930002
"X10008"	"X10008"	0.429416023200579	0.548212883673627	0.624056832031092	0.67566282432632	0.720559252642357	0.758093833623255	0.792499520967482	0.83487047501084	0.870898917698306
"X10009"	"X10009"	0.461504602137668	0.604919142396113	0.700018871090468	0.763775154300773	0.80285947468325	0.841620495938028	0.873563658482508	0.890624364457352	0.924022681080213
"X10101"	"X10101"	0.524123284791842	0.623108603168804	0.690101811662786	0.73747569457786	0.780441931624395	0.818435521073546	0.850467102955274	0.886935334357021	0.922013412899911
"X10201"	"X10201"	0.466324252446032	0.550617441287591	0.604501924492879	0.650489393461729	0.686485413794957	0.723541460993419	0.761049962956241	0.795997745456304	0.848962626751805
"X10301"	"X10301"	0.345453609783569	0.466816358665571	0.535536964558206	0.548241852688254	0.552978525364256	0.556187394924272	0.622148120293891	0.666255144032922	0.938271604938272
"X10302"	"X10302"	0.42867286631299	0.559922683065014	0.638057095514989	0.688879013095789	0.72533550345606	0.774287272665512	0.866903675709224	0.866364069087447	0.887019230769231
"X10303"	"X10303"	0.387974338630313	0.495495780135465	0.574190413826464	0.639262425687882	0.698217679134429	0.726734336705697	0.763150546295368	0.819783144963757	0.872623474519052
"X10304"	"X10304"	0.57272495898202	0.695665444108082	0.746263725493216	0.779907459462056	0.782329005836959	0.908614921747796	0.92950010514041	0.965779082717424	0.9875
"X10311"	"X10311"	0.354326646489247	0.45789062735055	0.525447213371987	0.566700446357314	0.615697825014868	0.65263178940609	0.704207644198611	0.737956454956627	0.818529218494432
"X10312"	"X10312"	0.353185894040539	0.475167527262478	0.558751540512049	0.626541010446644	0.672572527988669	0.699321860367397	0.733558866577515	0.777770027309675	0.894677086175146
"X10313"	"X10313"	0.362785603476887	0.481586898507975	0.559821211400124	0.623661316677605	0.667312532234077	0.708681764275013	0.745396723108304	0.803538546277881	0.882994780006443
"X10314"	"X10314"	0.310176592002977	0.4343371349098	0.537571924634422	0.609137614885683	0.655908283076992	0.696296065041758	0.729485200199843	0.796881941723463	0.827389680212261
"X10319"	"X10319"	0.393568601396696	0.551362820534809	0.662538684908814	0.732917410744454	0.777763357751198	0.800329456621255	0.807535676425354	0.819109431045262	0.854418454647423
"X10321"	"X10321"	0.391609943672082	0.504924069215596	0.596607614498004	0.679360373700977	0.732507303473278	0.743112898104164	0.792204414413435	0.851096641805148	0.967142857142857
"X10401"	"X10401"	0.537501758437212	0.647942040875129	0.7119887536104	0.759421017848503	0.798576241832336	0.830223912235634	0.865548117124918	0.898257486376106	0.929141529533689
"X10402"	"X10402"	0.536036467200027	0.635811710343764	0.695726558164535	0.736958874704058	0.768427915368812	0.802862896627229	0.839269500282892	0.876464307139002	0.914328600225792
"X10501"	"X10501"	0.501616031292081	0.617840007338843	0.696925383644519	0.758071601433406	0.804930873529674	0.83958330690795	0.873515004701996	0.910797834771122	0.944632552301836
"X10502"	"X10502"	0.524897229707268	0.637942816093806	0.710005263048589	0.765707640987549	0.803413703096934	0.836011613889829	0.871633484810209	0.906966043573523	0.950219592653783
"X10511"	"X10511"	0.552359883263015	0.659119324648135	0.731279075030276	0.779306160249857	0.824977433142227	0.868089541137894	0.902517653281484	0.92679668795122	0.948681545768462
"X10521"	"X10521"	0.544981297371661	0.657447069682634	0.738425989484908	0.792414781788852	0.837351642054964	0.876773736105498	0.910690624115293	0.944882376186102	0.970341246512735
"X10601"	"X10601"	0.291360907530099	0.388161826380558	0.466802895735528	0.528166007990741	0.59340751492972	0.633464657937783	0.667181318435733	0.727941176470588	1
"X10701"	"X10701"	0.450117270287925	0.542352089980286	0.607086238693024	0.666514151573074	0.704012567925783	0.74699931934126	0.78740659568995	0.837017475880695	0.8814056136373
"X10703"	"X10703"	0.601833419359301	0.718058304634145	0.78565401231928	0.835667134005031	0.872107891962003	0.901337133791071	0.922574123418662	0.940399988934129	0.964524463100532
"X10801"	"X10801"	0.403447164788508	0.511356388118838	0.582666780914582	0.624610080148747	0.651857485481369	0.688290762171096	0.715637843641261	0.743974252627387	0.768390008419112
"X10901"	"X10901"	0.393478054618594	0.437710342340996	0.465601493834181	0.513905966176413	0.53118543633403	0.518295285725947	0.528573772412985	0.682998916116563	0.744347826086956
"X10902"	"X10902"	0.37882805922882	0.42007597356833	0.448170063380147	0.485334346362601	0.443641490544785	0.480372386715144	0.54546072259343	0.649472254917799	0.767543859649123
"X10903"	"X10903"	0.405261602311486	0.437109070632729	0.463849359562915	0.496646035518161	0.540554226490345	0.54415529084612	0.558075272803269	0.652591303086353	0.67
"X10904"	"X10904"	0.505789083229001	0.60049055282842	0.664796991951465	0.715306180286809	0.797589289167005	0.80232426688309	0.835301016330083	0.887305524996607	0.936974789915966
"X10911"	"X10911"	0.421788622363646	0.556277472087536	0.636948467710412	0.69096797775252	0.742599674225378	0.775895162071158	0.806442789294003	0.827909358487227	0.8674268190995
"X11001"	"X11001"	0.494244749664349	0.585054330351544	0.645342735205668	0.691394697105054	0.72643755670718	0.759229993301254	0.788056251767579	0.815944850568046	0.854364326205063
"X11101"	"X11101"	0.620156585803087	0.709665737637891	0.763944054694701	0.803224459505976	0.832104719329321	0.86179780139424	0.892804681754958	0.92215061365446	0.949485292429352
"X11201"	"X11201"	0.585836169106723	0.681434143043644	0.737130241701513	0.779355440155899	0.809859449707649	0.834705028152065	0.859840695428881	0.882695230981769	0.903496203899757
"X11301"	"X11301"	0.444091384349205	0.55980770051119	0.641027747689403	0.701398396000142	0.741175689113159	0.782462436973379	0.802203753033315	0.8283302191975	0.854912167251012
"X11401"	"X11401"	0.40773047155111	0.529808254175157	0.604458910238189	0.663098225210074	0.704742933098981	0.729776406163453	0.760174509518885	0.807661970058486	0.902585731262202
"X11501"	"X11501"	0.373892517934389	0.489656631122382	0.572913973190659	0.638093023926989	0.694084837414301	0.716849891273743	0.762479076620544	0.80796853293759	0.716187446638574
"X11502"	"X11502"	0.431731211234294	0.518729561004342	0.563897281264037	0.594867067936368	0.64542092155965	0.666146192266432	0.699928474770001	0.720885370350551	0.820477689107533
"X20001"	"X20001"	0.554878027045497	0.649175805336423	0.713048664189119	0.763768203300926	0.80651564567986	0.840318877973681	0.87565533910956	0.90777678591359	0.932283011658724
"X20002"	"X20002"	0.549690130340554	0.645091776378027	0.71054117190759	0.76390706069057	0.807489201854324	0.84202503144551	0.878538610037706	0.912844898602731	0.935983352823603
"X20003"	"X20003"	0.548442799653678	0.64385420823045	0.711009958922164	0.763782741500408	0.807419433635161	0.842248595932842	0.877222273717909	0.915535610705751	0.93970518102546
"X20004"	"X20004"	0.536600114524164	0.631683823067363	0.701190618486338	0.754599374630071	0.800592369657178	0.839566653578622	0.877930040461693	0.917028150527538	0.941140841283292
"X20005"	"X20005"	0.525065500741302	0.622827367573507	0.691209680098629	0.745924872356614	0.797499431105608	0.84015946659564	0.875091377418427	0.914640272776783	0.942420195464541
"X20006"	"X20006"	0.527604531338723	0.626739793300675	0.694398615702352	0.747152210108648	0.796469074167399	0.840783750766548	0.872946157525963	0.910130765176979	0.944740180585263
"X20007"	"X20007"	0.552664395455134	0.637767179456322	0.698560696877466	0.742790556338557	0.780533203118705	0.81660306066585	0.850898932057943	0.885026589317201	0.926180756190878
"X20008"	"X20008"	0.528698317876383	0.615571341308994	0.680046684215449	0.729186430681495	0.768876698447216	0.807575681855202	0.839997447829528	0.876181142846459	0.915521136173509
"X20009"	"X20009"	0.53903542588123	0.628227829870605	0.68717156791657	0.738315651712831	0.777076961216234	0.814553464482476	0.853491242847572	0.89138955596964	0.933532667549541
"X20101"	"X20101"	0.466197596014381	0.556440601242018	0.622742098748179	0.673934969842113	0.718062089412508	0.749659211401752	0.770666103336869	0.808359609393979	0.863093793656907
"X20201"	"X20201"	0.561854778704877	0.655215492954099	0.714680400549605	0.757741071347035	0.793858099525962	0.829527129056524	0.861184947352154	0.891910805168306	0.924390815013194
"X20202"	"X20202"	0.562014237616798	0.650282353129516	0.708798073462814	0.748943484837855	0.783272980537109	0.820542985162392	0.856211959963721	0.890224923873994	0.920600459947009
"X20203"	"X20203"	0.547179201379119	0.630733346239595	0.686129206279565	0.728790282229813	0.764672084326185	0.800413371181227	0.839482650772507	0.874940653674783	0.90658007480998
"X20301"	"X20301"	0.372406292402294	0.43772071356738	0.490405034143415	0.535363550356248	0.581851189192689	0.623154679600475	0.664020521257515	0.690651418801849	0.638651099694207
"X20401"	"X20401"	0.515192205745986	0.610553847088849	0.677467635813054	0.736858530273016	0.78681099182746	0.827783744387381	0.867504678869239	0.902574118612492	0.943468454784174
"X20402"	"X20402"	0.492822187364217	0.593161448720231	0.662822683078742	0.719396527346563	0.769351630463039	0.813939283380742	0.853167085884555	0.887935220144943	0.925443459067831
"X20411"	"X20411"	0.615408356613556	0.712697658947129	0.77314484787043	0.81646869259604	0.85498162796026	0.885961443142645	0.918598285026153	0.940354927380643	0.966445916798364
"X20421"	"X20421"	0.489268898990456	0.604265482524947	0.683172248223736	0.746768393909036	0.790998730722811	0.832779851070949	0.874847647625121	0.900897560771445	0.93917150392804
"X20422"	"X20422"	0.449042684526903	0.570088690834793	0.654207648773482	0.720888462664177	0.7735798382824	0.812830332480075	0.852797009709888	0.880429160119665	0.926448940031758
"X20431"	"X20431"	0.511558320378484	0.598072410843044	0.657292856350594	0.699736322330912	0.738930505245966	0.774470495828314	0.805101332869572	0.833742538372173	0.86238415073245
"X20432"	"X20432"	0.18408476102369	0.230754546574813	0.267677925725452	0.301091681814772	0.332554473201295	0.359131254349535	0.395086718800102	0.422332821538078	0.478642201165421
"X20501"	"X20501"	0.599934282145459	0.686360016172237	0.741956755977928	0.780780868896982	0.811378354341622	0.84289373253224	0.868385961613735	0.897087338809976	0.929404294161272
"X20601"	"X20601"	0.481445418487972	0.566569300868915	0.628284941755379	0.678794609860681	0.722732451838432	0.766029729431105	0.805339126834506	0.846412657715298	0.897162969396524
"X30000"	"X30000"	0.385372722526329	0.462566729875231	0.515846843308809	0.554407102292895	0.601798739558596	0.630465662323913	0.66457521375199	0.682367254938297	0.717723328094671
"X30001"	"X30001"	0.61490439278425	0.727850689291887	0.741240982197371	0.789533707781938	0.831237990151925	0.886309523809524	1	1	1
"X30002"	"X30002"	0.579810794131673	0.51807996875111	0.621629901960784	0.568124280782509	0.491071428571429	0.666666666666667	1	1	1
"X30003"	"X30003"	0.633102531141778	0.576312316834248	0.948863148863149	0.945429553264605	0.985714285714286	1	1	1	1
"X30004"	"X30004"	0.631685548086095	0.683535335931402	0.693901231554141	0.687893122052251	0.685164328706986	0.688670019008797	0.656638574869293	0.659221642554976	0.551851851851852
"X30005"	"X30005"	0.434043257997812	0.546481537482751	0.623312708747583	0.680010941661868	0.717916595990181	0.746476181824842	0.772715386730506	0.79464043996548	0.810163139329806
"X30006"	"X30006"	0.41227020022401	0.504106683135023	0.551939619490002	0.595776485944168	0.626769676461168	0.665508883030456	0.675068212567153	0.68833137724874	0.721336913072704
"X30007"	"X30007"	0.412555210139233	0.503182266662023	0.559407652241885	0.597399690012531	0.623085306823377	0.652593294436224	0.675783586516301	0.68507293503905	0.706288346437151
"X30008"	"X30008"	0.372728082750515	0.476437387578888	0.536329955585386	0.594303168858314	0.621770899134821	0.649370214389307	0.677559224578843	0.669539332408077	0.694183039183039
"X30009"	"X30009"	0.37427740012311	0.441693472750754	0.489205762775865	0.524216932006034	0.543300998889539	0.572873333847814	0.608834283464926	0.63631640376393	0.681059824248679
"X30101"	"X30101"	0.49495410630234	0.587185933190026	0.649553425521711	0.687597642938265	0.72095551100795	0.758321776585001	0.797635220861034	0.831729132910154	0.872354334191989
"X30201"	"X30201"	0.469663015262185	0.589358901907538	0.635647147867153	0.684422980440255	0.712926782257665	0.745796953954009	0.752334082606837	0.706743693134822	0.657142857142857
"X30202"	"X30202"	0.601189008549524	0.554354733058843	0.668713859812931	0.69930250015639	0.74601368159204	0.738707068193131	0.798285714285714	0.826315789473684	1
"X30203"	"X30203"	0.578770387763662	0.697867238823007	0.74635034994385	0.786056941079238	0.815846121840285	0.840510611945205	0.846994690450871	0.845071354778414	0.869696994696995
"X30204"	"X30204"	0.537992587183339	0.661803122745457	0.719134179979199	0.769447618502052	0.806975462665297	0.839626639122636	0.853019649771428	0.871879637247333	0.899143115240676
"X30211"	"X30211"	0.334032031952737	0.441784245291938	0.521334278410507	0.565185794099103	0.587842635510282	0.657390301047879	0.718695974049487	0.728432282003711	0.6
"X30301"	"X30301"	0.3720381289834	0.491415787823028	0.572214844868182	0.610115920027403	0.650621546876901	0.670060959246344	0.68562163209859	0.728062641706916	0.745717091550425
"X30302"	"X30302"	0.394422704457595	0.509532962457773	0.577015479924539	0.629435785471149	0.657811758934877	0.685096351837354	0.687753661708118	0.701459911641616	0.769137938133692
"X30303"	"X30303"	0.403662703851451	0.519160675785571	0.59723192681661	0.634602967654247	0.658628224855187	0.670756684162192	0.699586473790544	0.702207367003487	0.710981883117996
"X30311"	"X30311"	0.32179268946934	0.43497455958638	0.504860074572942	0.570691423738171	0.643361662735829	0.66389017207539	0.669101260059651	0.700828856137256	0.713157289943004
"X30321"	"X30321"	0.278602826212279	0.403623985768122	0.489330676014417	0.55251169788255	0.593285404525621	0.620998111897721	0.64800883684672	0.59559961241666	0.768656936458794
"X30401"	"X30401"	0.257365974987755	0.395820256490046	0.489126245159773	0.542606864672975	0.591948331475268	0.618921415673282	0.62656780311314	0.671588657749251	0.599566692391794
"X30501"	"X30501"	0.497025875036764	0.638346630533425	0.713820731872697	0.763260353047329	0.775026584188829	0.8000285644788	0.817084647265374	0.824387327648332	0.842030815400381
"X30601"	"X30601"	0.438185206619554	0.539476502659719	0.611669868980712	0.669735224124548	0.713526731140393	0.760271954242999	0.816010834428234	0.871748697336823	0.920144362570816
"X30701"	"X30701"	0.370509263493441	0.469636881039435	0.53629379675078	0.586752446922232	0.625527160420939	0.668754560060855	0.698060222655057	0.746833407295224	0.775199457173216
"X30801"	"X30801"	0.389560211572718	0.559005354087321	0.43554476806904	0.470295439948619	0.608745247148289	0.527551020408163	0.699640287769784	0.654320987654321	0.5
"X4101"	"X4101"	0.590767266000513	0.673208648960831	0.730118717731928	0.777799618002645	0.81289817420448	0.842529813671518	0.866429826898935	0.891668196236005	0.921230432855514
"X4201"	"X4201"	0.554074564368596	0.64537984929092	0.709534748623634	0.759943349517414	0.799561419408142	0.833815026436692	0.866589728035083	0.898685659028936	0.933922927140237
"X4301"	"X4301"	0.588004549458076	0.686951810319846	0.747100388782156	0.793162819468975	0.827085743061116	0.852024534867684	0.875143559491462	0.895476113215236	0.922777328511494
"X4401"	"X4401"	0.595139707091386	0.684263413565193	0.736546937194659	0.778184991111071	0.811403909419248	0.84092546919938	0.866137503841201	0.893535358202901	0.92071931024846
"X4402"	"X4402"	0.591533164450518	0.68268939779526	0.737879041968654	0.780608726238033	0.813929005232969	0.843820761103085	0.865931845452219	0.896871127915376	0.931460173799178
