"kbe"	"kbj"	"kbo"	"kbt"	"kby"	"kcd"	"kci"	"kcn"	"kcs"	"kcx"	"average"	"median"
"X10001"	24.3333333333333	1.22222222222222	10.6666666666667	7.44444444444444	13.2222222222222	9.11111111111111	123	12.1111111111111	8.55555555555556	83.8888888888889	29	11
"X10002"	19.4444444444444	3.55555555555556	13.5555555555556	89.4444444444444	21.5555555555556	16.7777777777778	111.444444444444	21.2222222222222	11.4444444444444	67.6666666666667	38	20
"X10003"	20.4444444444444	7.66666666666667	14.2222222222222	59	34.6666666666667	17.8888888888889	89.3333333333333	39.1111111111111	11.5555555555556	44.2222222222222	34	28
"X10004"	20.3333333333333	4.44444444444444	14.5555555555556	43.2222222222222	20.5555555555556	17.8888888888889	131	39.6666666666667	10.1111111111111	60.5555555555556	36	20
"X10005"	20.3333333333333	2.66666666666667	12.7777777777778	59.1111111111111	19.2222222222222	13.1111111111111	136.666666666667	52.1111111111111	7.55555555555556	61.2222222222222	38	20
"X10006"	21.4444444444444	14.4444444444444	19.1111111111111	9.22222222222222	19.7777777777778	19	21.4444444444444	26.4444444444444	20.1111111111111	18.2222222222222	19	19
"X10007"	18.2222222222222	10.7777777777778	13.8888888888889	10.3333333333333	15	12.4444444444444	15.7777777777778	23	14	19.7777777777778	15	14
"X10008"	22	12.8888888888889	13.2222222222222	13.8888888888889	22	29.3333333333333	24.6666666666667	31.1111111111111	18.8888888888889	18.8888888888889	21	20
"X10009"	17.7777777777778	9.88888888888889	16.3333333333333	12	12	16.1111111111111	15.6666666666667	22.6666666666667	14	14	15	15
"X10101"	28.8888888888889	26.5555555555556	41.8888888888889	29.5555555555556	33.7777777777778	46.2222222222222	24.6666666666667	42.6666666666667	37.2222222222222	23	33	32
"X10201"	24.8888888888889	25.5555555555556	22.1111111111111	18.1111111111111	27	37	20.8888888888889	32.1111111111111	26.8888888888889	28.1111111111111	26	26
"X10301"	16.7777777777778	1	7.33333333333333	42	16.2222222222222	10.7777777777778	121.555555555556	16.5555555555556	8.55555555555556	77.1111111111111	32	16
"X10302"	28	0.444444444444444	1.88888888888889	5	84.8888888888889	5.33333333333333	117.111111111111	13.8888888888889	0	99	36	10
"X10303"	7.33333333333333	2.44444444444444	1.44444444444444	0.111111111111111	2.55555555555556	9.55555555555556	10.2222222222222	18.7777777777778	2	20	7	5
"X10304"	17	3.44444444444444	6.55555555555556	8.11111111111111	175.777777777778	9	94.8888888888889	43.3333333333333	0.333333333333333	93.4444444444444	45	13
"X10311"	16.2222222222222	9	16.8888888888889	9.55555555555556	50.6666666666667	23.5555555555556	22.8888888888889	22.8888888888889	20.8888888888889	15.6666666666667	21	19
"X10312"	3.44444444444444	5.11111111111111	8.55555555555556	4	30.2222222222222	10.5555555555556	10.1111111111111	10.3333333333333	4.77777777777778	9.33333333333333	10	9
"X10313"	3	4.55555555555556	3.44444444444444	0.666666666666667	22.1111111111111	6.44444444444444	11	7.77777777777778	3.66666666666667	6.55555555555556	7	6
"X10314"	0.777777777777778	4.22222222222222	2.44444444444444	0.444444444444444	28.7777777777778	2.33333333333333	82.5555555555556	3.33333333333333	3	5	13	3
"X10319"	43.4444444444444	29.5555555555556	37.7777777777778	24.2222222222222	48	67.6666666666667	36.3333333333333	31.7777777777778	36.3333333333333	30.7777777777778	39	36
"X10321"	10.8888888888889	2.22222222222222	2.22222222222222	55.2222222222222	67.3333333333333	4	92.8888888888889	65	0.555555555555556	44.5555555555556	34	28
"X10401"	24.1111111111111	21.8888888888889	19.6666666666667	23	24.6666666666667	38.6666666666667	22.7777777777778	32.3333333333333	24.1111111111111	24.3333333333333	26	24
"X10402"	26.4444444444444	29.1111111111111	30.4444444444444	28.4444444444444	24.6666666666667	37.5555555555556	22.6666666666667	37.3333333333333	32.8888888888889	19.6666666666667	29	29
"X10501"	36.8888888888889	35.4444444444444	37	31.7777777777778	43.6666666666667	48.7777777777778	27.5555555555556	35.6666666666667	33	42.7777777777778	37	36
"X10502"	39.4444444444444	42.6666666666667	42.7777777777778	40	45.1111111111111	51.3333333333333	34.6666666666667	42.6666666666667	37.8888888888889	53.4444444444444	43	43
"X10511"	38.6666666666667	24.1111111111111	36.8888888888889	31.6666666666667	42	53.8888888888889	19.8888888888889	34.1111111111111	30.1111111111111	39.5555555555556	35	36
"X10521"	28.5555555555556	24.3333333333333	27.4444444444444	21.8888888888889	30.5555555555556	35.7777777777778	21.5555555555556	30.3333333333333	28.3333333333333	27.4444444444444	28	28
"X10601"	21.4444444444444	3.77777777777778	0.666666666666667	16.7777777777778	23.8888888888889	31	5.55555555555556	24	7.33333333333333	8.22222222222222	14	12
"X10701"	37.5555555555556	22.2222222222222	21.4444444444444	25.4444444444444	32.6666666666667	39.2222222222222	23.3333333333333	40.6666666666667	15.8888888888889	33.1111111111111	29	29
"X10703"	46	41.8888888888889	48.7777777777778	41.4444444444444	50.1111111111111	52	38.7777777777778	42.7777777777778	39	52.6666666666667	45	44
"X10801"	24.7777777777778	18.2222222222222	24	16.4444444444444	30.4444444444444	40.5555555555556	30.1111111111111	33.3333333333333	31.1111111111111	28.2222222222222	28	29
"X10901"	16.4444444444444	1	5.33333333333333	101.666666666667	73.1111111111111	7.33333333333333	124.444444444444	61.3333333333333	1.77777777777778	66.6666666666667	46	39
"X10902"	14.5555555555556	0.555555555555556	3.88888888888889	97.1111111111111	114.666666666667	6.88888888888889	140	51	1.22222222222222	53.1111111111111	48	33
"X10903"	15.2222222222222	0.666666666666667	0.333333333333333	89.8888888888889	116.666666666667	5	101.222222222222	69.3333333333333	0.333333333333333	55.6666666666667	45	35
"X10904"	57	3.44444444444444	3.66666666666667	98	167.222222222222	10	33.8888888888889	66.6666666666667	2.55555555555556	47.2222222222222	49	41
"X10911"	6.88888888888889	3.22222222222222	5.66666666666667	2.88888888888889	7.44444444444444	7	9.22222222222222	8.55555555555556	2.33333333333333	11	6	7
"X11001"	26	18.3333333333333	26.7777777777778	14.2222222222222	27.8888888888889	35.5555555555556	26.7777777777778	37.2222222222222	30.2222222222222	27.4444444444444	27	27
"X11101"	30.7777777777778	25.2222222222222	34.6666666666667	26.6666666666667	36.7777777777778	38.1111111111111	23	41.6666666666667	31.6666666666667	35.2222222222222	32	33
"X11201"	32.8888888888889	19.4444444444444	31.3333333333333	19.5555555555556	28.5555555555556	38.3333333333333	31.5555555555556	39	33.8888888888889	31	31	31
"X11301"	23.4444444444444	10.8888888888889	20	14	21.4444444444444	28.6666666666667	18.1111111111111	28	17.5555555555556	22.4444444444444	20	21
"X11401"	28.6666666666667	4.88888888888889	19.7777777777778	11	18.7777777777778	26.5555555555556	15.3333333333333	24.6666666666667	15	20.1111111111111	18	19
"X11501"	10.6666666666667	0.888888888888889	3.33333333333333	5.55555555555556	13.8888888888889	4.11111111111111	89.2222222222222	19.8888888888889	2.22222222222222	36.3333333333333	19	8
"X11502"	15.2222222222222	4.88888888888889	1.22222222222222	8.88888888888889	61.1111111111111	3.22222222222222	86.8888888888889	61.8888888888889	0.666666666666667	12	26	10
"X20001"	42.1111111111111	35.6666666666667	42.5555555555556	37.3333333333333	39.5555555555556	51.6666666666667	33.4444444444444	52.6666666666667	39.8888888888889	45.5555555555556	42	41
"X20002"	42.4444444444444	36.1111111111111	42.2222222222222	36.4444444444444	39.1111111111111	51.1111111111111	33.4444444444444	51.6666666666667	39.8888888888889	46.1111111111111	42	41
"X20003"	43	36.5555555555556	42.2222222222222	36.2222222222222	40.1111111111111	51.6666666666667	33	50.8888888888889	41	47	42	42
"X20004"	43.4444444444444	36.4444444444444	41.2222222222222	35.7777777777778	41	51.4444444444444	32.2222222222222	49.3333333333333	40.8888888888889	46.4444444444444	42	41
"X20005"	43.7777777777778	36.6666666666667	40.8888888888889	34.1111111111111	41.5555555555556	51.6666666666667	30.3333333333333	47.7777777777778	38.7777777777778	48.8888888888889	41	41
"X20006"	44.3333333333333	36.8888888888889	42.2222222222222	34.1111111111111	42.6666666666667	51.3333333333333	30.6666666666667	47.5555555555556	40	49.8888888888889	42	42
"X20007"	45.7777777777778	40.4444444444444	47.1111111111111	35.5555555555556	42.5555555555556	50.3333333333333	30.8888888888889	47.5555555555556	41.5555555555556	46.8888888888889	43	44
"X20008"	45.4444444444444	41.7777777777778	48.2222222222222	35.4444444444444	44.3333333333333	51.3333333333333	30	48	41.5555555555556	46.1111111111111	43	45
"X20009"	41.7777777777778	42.4444444444444	48.2222222222222	36.2222222222222	42.8888888888889	52.2222222222222	28.7777777777778	46.8888888888889	43.4444444444444	44.4444444444444	43	43
"X20101"	49.2222222222222	58.1111111111111	49.7777777777778	55	54.4444444444444	61.5555555555556	59.6666666666667	47.2222222222222	38.6666666666667	68.7777777777778	54	55
"X20201"	46.6666666666667	46.8888888888889	50.7777777777778	37.2222222222222	42.3333333333333	57	39.5555555555556	58.4444444444444	47.5555555555556	39.1111111111111	47	47
"X20202"	46.7777777777778	48	49.3333333333333	37.3333333333333	41.8888888888889	55.7777777777778	40.3333333333333	56.7777777777778	46	39.5555555555556	46	46
"X20203"	46	49.1111111111111	52.2222222222222	37.5555555555556	42.7777777777778	54.8888888888889	38.8888888888889	54.6666666666667	47	42.8888888888889	47	46
"X20301"	62.1111111111111	80.3333333333333	39.7777777777778	64.2222222222222	69.5555555555556	65.8888888888889	54.7777777777778	66.6666666666667	41.8888888888889	67	61	65
"X20401"	43.2222222222222	36.3333333333333	40.4444444444444	34.1111111111111	41.5555555555556	53.8888888888889	28.2222222222222	46.7777777777778	38.5555555555556	49.1111111111111	41	41
"X20402"	40.2222222222222	35.8888888888889	40	32.4444444444444	40.2222222222222	52.1111111111111	24.3333333333333	46	35.2222222222222	47.8888888888889	39	40
"X20411"	49.2222222222222	40.2222222222222	48.1111111111111	47.3333333333333	52.5555555555556	69.4444444444444	40.8888888888889	50.6666666666667	41.1111111111111	51.6666666666667	49	49
"X20421"	46.2222222222222	33.7777777777778	42.6666666666667	34.4444444444444	41.1111111111111	54	27.6666666666667	44.7777777777778	35.4444444444444	51.4444444444444	41	42
"X20422"	41.6666666666667	31	38.7777777777778	37.3333333333333	40.6666666666667	55.2222222222222	29.1111111111111	43.4444444444444	34.2222222222222	57.2222222222222	41	40
"X20431"	37.5555555555556	33.2222222222222	37.6666666666667	30.2222222222222	39.6666666666667	47.7777777777778	21.6666666666667	38.3333333333333	37.6666666666667	42.5555555555556	37	38
"X20432"	15.8888888888889	8	2.11111111111111	3.66666666666667	3.77777777777778	9.66666666666667	6.11111111111111	1	2.88888888888889	6.33333333333333	6	5
"X20501"	47.3333333333333	38	52.2222222222222	36.6666666666667	41.7777777777778	49.5555555555556	31.2222222222222	50.3333333333333	47.1111111111111	46.2222222222222	44	47
"X20601"	45.7777777777778	46.3333333333333	48.2222222222222	37.8888888888889	46.3333333333333	52	29.5555555555556	48.4444444444444	41.1111111111111	48	44	46
"X30000"	2.22222222222222	2.66666666666667	2.77777777777778	4.55555555555556	0.555555555555556	2	4.11111111111111	3.55555555555556	2.33333333333333	2.55555555555556	3	3
"X30001"	17.3333333333333	0.555555555555556	11.6666666666667	10.2222222222222	14	11.4444444444444	71.4444444444444	11.1111111111111	11.5555555555556	85.1111111111111	24	12
"X30002"	12.6666666666667	0	11.4444444444444	8.22222222222222	33.6666666666667	11	11.7777777777778	10	10.3333333333333	62.3333333333333	17	11
"X30003"	13.3333333333333	0.111111111111111	10.1111111111111	9.11111111111111	32.4444444444444	9.55555555555556	12.1111111111111	31.2222222222222	8.33333333333333	53	18	11
"X30004"	10.7777777777778	1.88888888888889	9.44444444444444	10.8888888888889	3.55555555555556	9.22222222222222	9.77777777777778	8.44444444444444	6.88888888888889	42.1111111111111	11	9
"X30005"	9.22222222222222	6	10.4444444444444	12.8888888888889	3.55555555555556	9.44444444444444	9	10	6.55555555555556	10.7777777777778	9	9
"X30006"	8.33333333333333	4.88888888888889	10.1111111111111	8.55555555555556	3	9.22222222222222	7.22222222222222	7.88888888888889	6.44444444444444	9.22222222222222	7	8
"X30007"	8.11111111111111	4.77777777777778	9.44444444444444	9.11111111111111	2.55555555555556	9.11111111111111	6.77777777777778	7.66666666666667	6.22222222222222	8.88888888888889	7	8
"X30008"	6.33333333333333	5.44444444444444	6.55555555555556	5.88888888888889	1.55555555555556	5.66666666666667	8.44444444444444	5.22222222222222	5.55555555555556	7.55555555555556	6	6
"X30009"	5.88888888888889	3.11111111111111	4.77777777777778	3.66666666666667	0.666666666666667	1.88888888888889	5.77777777777778	5.44444444444444	4.11111111111111	4.55555555555556	4	4
"X30101"	33.2222222222222	31.1111111111111	35.8888888888889	26.4444444444444	30.2222222222222	42.4444444444444	25.8888888888889	36	35.6666666666667	36	33	34
"X30201"	18.7777777777778	1.33333333333333	9.11111111111111	10.7777777777778	7.11111111111111	8.66666666666667	30.8888888888889	29.2222222222222	4.66666666666667	29.3333333333333	15	10
"X30202"	15	1.33333333333333	5.88888888888889	13.4444444444444	12.7777777777778	13.2222222222222	40.7777777777778	28.7777777777778	10.1111111111111	14.5555555555556	16	13
"X30203"	19.4444444444444	4.88888888888889	13.4444444444444	23.4444444444444	32.6666666666667	16.5555555555556	52.2222222222222	80.4444444444444	13.3333333333333	16.5555555555556	27	18
"X30204"	21.1111111111111	2.88888888888889	13.4444444444444	23.5555555555556	7.88888888888889	16.2222222222222	21.7777777777778	21.2222222222222	16.3333333333333	12.2222222222222	16	16
"X30211"	18.6666666666667	5.11111111111111	18.3333333333333	20.7777777777778	12.2222222222222	10.1111111111111	13.6666666666667	15.6666666666667	9.33333333333333	20	14	15
"X30301"	16.3333333333333	2.44444444444444	9	39.4444444444444	22	13.3333333333333	8.55555555555556	27.7777777777778	9.66666666666667	13.8888888888889	16	14
"X30302"	13	3.55555555555556	5.33333333333333	43	16.8888888888889	7.77777777777778	4.44444444444444	20.5555555555556	3	9.55555555555556	13	9
"X30303"	11.3333333333333	3.11111111111111	7	31.5555555555556	14.5555555555556	9.33333333333333	4.44444444444444	17.7777777777778	2.44444444444444	8.11111111111111	11	9
"X30311"	7.88888888888889	1.44444444444444	6.11111111111111	5.66666666666667	5.22222222222222	6.22222222222222	12.2222222222222	8.77777777777778	4.55555555555556	10.4444444444444	7	6
"X30321"	7.11111111111111	4.33333333333333	10.5555555555556	22.6666666666667	4.22222222222222	3.88888888888889	6	10.3333333333333	4.11111111111111	9.88888888888889	8	7
"X30401"	6.66666666666667	3	3.33333333333333	4.33333333333333	12.6666666666667	5.22222222222222	5.22222222222222	11.8888888888889	4.44444444444444	10.3333333333333	7	5
"X30501"	18.6666666666667	7	22.7777777777778	19.2222222222222	4.22222222222222	6.33333333333333	28.5555555555556	15.8888888888889	11.1111111111111	11	14	14
"X30601"	11	5.33333333333333	9.11111111111111	7.77777777777778	34.6666666666667	12.5555555555556	10.8888888888889	106.111111111111	7.55555555555556	11.4444444444444	22	11
"X30701"	6.44444444444444	4.11111111111111	8.77777777777778	3.66666666666667	1.33333333333333	6.88888888888889	7.55555555555556	6.44444444444444	3.88888888888889	4	5	5
"X30801"	30.8888888888889	3.66666666666667	14.1111111111111	34.8888888888889	88.3333333333333	20.8888888888889	53.6666666666667	82	22	34.8888888888889	39	33
"X4101"	44.1111111111111	49.8888888888889	49.5555555555556	44.3333333333333	50	55.4444444444444	36.4444444444444	45.7777777777778	46.6666666666667	52.6666666666667	47	48
"X4201"	46.1111111111111	43.1111111111111	52.7777777777778	41.8888888888889	48.7777777777778	52.5555555555556	32.4444444444444	46.1111111111111	44.7777777777778	49.5555555555556	46	46
"X4301"	38.4444444444444	42	48.7777777777778	41.2222222222222	47.7777777777778	55.8888888888889	30.4444444444444	39.3333333333333	42.1111111111111	51.7777777777778	44	42
"X4401"	44.1111111111111	41.8888888888889	45.1111111111111	38	42.3333333333333	57.3333333333333	30.3333333333333	50.3333333333333	42.7777777777778	50.5555555555556	44	43
"X4402"	46.1111111111111	42	50.1111111111111	39.4444444444444	45.6666666666667	55.5555555555556	32.7777777777778	49.2222222222222	45.6666666666667	50.3333333333333	46	46
