"level"	"0.1"	"0.2"	"0.3"	"0.4"	"0.5"	"0.6"	"0.7"	"0.8"	"0.9"
"X10001"	"X10001"	0.207464085627711	0.126610424432673	0.0904017613846925	0.0656813376059992	0.0500948270224315	0.0379744076036012	0.029123885509995	0.0203823599938962	0.0114882392692869
"X10002"	"X10002"	0.206122043331346	0.119371010843879	0.0842774796263168	0.0600719980564942	0.0450319132489675	0.0337021577331655	0.0255526844674131	0.0180657700037545	0.0113739261026083
"X10003"	"X10003"	0.204823566057046	0.120833889556357	0.0871490232723713	0.0649223512659636	0.0473902015752236	0.0357762648511547	0.0270324389267121	0.0192230676812175	0.0125928892448716
"X10004"	"X10004"	0.241981215665426	0.130980861244019	0.0866117313485735	0.0607389686337055	0.0424419634945951	0.029284068757753	0.0204456849193691	0.0138002835371256	0.00746500088605352
"X10005"	"X10005"	0.243202782731215	0.122316887920217	0.0754243444950796	0.0499966977082095	0.0331990401338529	0.0228078286330714	0.0151244964005019	0.00933447812782071	0.00383065847698303
"X10006"	"X10006"	0.221982992975359	0.124942911202453	0.0824688458276245	0.0578717296274548	0.0423870729214241	0.0304473586916335	0.0209434331571736	0.0142885104717166	0.00839477175355038
"X10007"	"X10007"	0.206877283473028	0.114033956587148	0.0741027294218784	0.0512142703632065	0.0350526542015904	0.0240060176230389	0.0157747689662583	0.00999355254674404	0.00505050505050505
"X10008"	"X10008"	0.289496176338282	0.169613135402609	0.113562753036437	0.0807017543859649	0.0590418353576248	0.0435672514619883	0.0315114709851552	0.0214349977507872	0.0123931623931624
"X10009"	"X10009"	0.116591736244915	0.0737957610789981	0.0548062513380432	0.0441019053735817	0.0366302718903875	0.0290087775636909	0.0234425176621708	0.0180261186041533	0.0128452151573539
"X10101"	"X10101"	0.133789533710576	0.0948151072509541	0.0742860902750362	0.0592402509102075	0.0490854059744703	0.042549458262052	0.0361670395227442	0.0296310918103259	0.0227442207307979
"X10201"	"X10201"	0.133293760717583	0.0956997757551774	0.0763531636107813	0.0639757287956734	0.0551158598250011	0.0472013366750209	0.0409796420876753	0.034582069208108	0.026887393923405
"X10301"	"X10301"	0.26051832929412	0.151350407196349	0.105849217265999	0.0780768978843257	0.0597148533874806	0.0454356891770922	0.0322918713565206	0.0225977598742386	0.0144101657169057
"X10302"	"X10302"	0.185418389196294	0.122326104008989	0.0915431745426021	0.0705548135427929	0.0547817422459666	0.0432487438783947	0.0339205834340351	0.0249952299179546	0.0157306705675338
"X10303"	"X10303"	0.226872199927809	0.147121897360766	0.104868675287173	0.0779667494744888	0.0584325965560439	0.0445038962141962	0.0334203877104699	0.024651251672081	0.0145444508142769
"X10304"	"X10304"	0.185294053606811	0.112047379537091	0.0789731530472271	0.0575260739869793	0.0436344633875498	0.0334226054390663	0.0258018159252727	0.018159252727154	0.0111699000587889
"X10311"	"X10311"	0.22796405873329	0.146789392943239	0.104887135656366	0.0798159105851414	0.0631602016217401	0.048893271970195	0.0378259916721455	0.0286215209292132	0.0197676966907736
"X10312"	"X10312"	0.18755743625911	0.129747173601761	0.0989079096407429	0.0797375563676775	0.0662948002821055	0.0558868158406531	0.0471458186403368	0.0384261930713171	0.0284670128870937
"X10313"	"X10313"	0.179252136752137	0.12525641025641	0.0969230769230769	0.078034188034188	0.0649786324786325	0.0543376068376068	0.0453418803418803	0.0369871794871795	0.0273931623931624
"X10314"	"X10314"	0.145806049267228	0.09822263797942	0.0762706579357655	0.0611370959359734	0.049350379378443	0.041305477601081	0.0340713023594221	0.0259016734227211	0.0173578630080033
"X10319"	"X10319"	0.547420062618643	0.344525799373814	0.229075758696349	0.1588886423588	0.111135764120011	0.0743534748416044	0.0481719793900846	0.0306929960801716	0.0160491087937283
"X10321"	"X10321"	0.160173437566748	0.10399846212995	0.0784527318552693	0.0609808193429877	0.0497244649493784	0.040561322568243	0.0325729420308428	0.0258020419496775	0.0181340510060233
"X10401"	"X10401"	0.178037021876563	0.117319325055715	0.09471505889844	0.0778187110565334	0.0673579842634284	0.0579660708600537	0.0489152681129758	0.0407058716514304	0.0312684768272161
"X10402"	"X10402"	0.149681959669779	0.107208914151667	0.0860513375738711	0.0714801281183742	0.0594577525149998	0.0501646591780575	0.0427211620877882	0.0372174854513466	0.0295935399467677
"X10501"	"X10501"	0.157222222222222	0.114398148148148	0.0911342592592593	0.0758564814814815	0.0656944444444444	0.0573611111111111	0.0496296296296296	0.0415509259259259	0.0299768518518519
"X10502"	"X10502"	0.149948663006116	0.102004374804696	0.0787911253961877	0.0655551091469131	0.0552207490737021	0.0477434043123075	0.0405115843042721	0.033681532074461	0.0261372260166957
"X10511"	"X10511"	0.199348518598357	0.151062250005988	0.127517903762784	0.107829752580777	0.093866015185265	0.0808363871524035	0.0690043352255036	0.0546573734760844	0.0393044477976575
"X10521"	"X10521"	0.170949171581017	0.124403257511935	0.0997613030047739	0.0843162033136759	0.0734110268651128	0.0646354020406253	0.0573106805204531	0.0498221473368904	0.0416081625011701
"X10601"	"X10601"	0.510748217030821	0.29192812681132	0.182429878279277	0.118469796628109	0.0740152717925456	0.0462941962148131	0.0272926589551675	0.0136085280108868	0.00438497013684131
"X10701"	"X10701"	0.204614575472777	0.143147881365622	0.114769842903204	0.0944638814570899	0.0797374859939174	0.067549335711509	0.0571219501040452	0.0464201596121744	0.0352610276462921
"X10703"	"X10703"	0.154291203145244	0.114350176473216	0.0948264307733548	0.0821829066702408	0.0721976500022338	0.0645132466604119	0.0589956663539293	0.052517535629719	0.0436268596702855
"X10801"	"X10801"	0.21819302237391	0.139623625331816	0.103858551384149	0.085537542662116	0.0723833902161547	0.0605565036025787	0.0505309063329541	0.0407897231702692	0.0314751611679939
"X10901"	"X10901"	0.201207499205593	0.139116619002224	0.107128482152314	0.0859866539561487	0.0722592945662536	0.0597818027751298	0.04749496875331	0.0354835292871518	0.0224764325812944
"X10902"	"X10902"	0.205992984235662	0.141667723257681	0.108025865348041	0.0855627403744559	0.0701365115591057	0.0574785512024006	0.0460039727822155	0.0345293943620303	0.0215544567009002
"X10903"	"X10903"	0.190647709320695	0.132364402317009	0.102264349657715	0.0817061611374408	0.0659505002632965	0.0543233280674039	0.0449499736703528	0.0357030015797788	0.0241179568193786
"X10904"	"X10904"	0.147321619426275	0.098755931768629	0.0774656919327947	0.0635500833653969	0.0522636911632679	0.0430934974990381	0.035547860288145	0.0273823265358471	0.018105254157582
"X10911"	"X10911"	0.16256539430343	0.1017890589679	0.074705591078387	0.0567719434218175	0.0449525285797326	0.0350922517169369	0.0273202867661306	0.0202157204676096	0.0131542121466555
"X11001"	"X11001"	0.132263602746962	0.0772803310441979	0.0544990315196337	0.0412264483183659	0.0342049656629688	0.0289223454833597	0.0240579327346364	0.0198318365909491	0.0149674238422257
"X11101"	"X11101"	0.132316196793809	0.0948590381426202	0.079624101713654	0.0721282476506357	0.0657379767827529	0.059657269209508	0.0545052515201769	0.048424543946932	0.04
"X11201"	"X11201"	0.168794711581998	0.0987729783573304	0.0703386760843974	0.0563252739291859	0.0464547677261614	0.0400027166530834	0.0344335778321108	0.0289549941139183	0.0230236348818256
"X11301"	"X11301"	0.205816405816406	0.124164724164724	0.089022089022089	0.066999666999667	0.0523254523254523	0.0411144411144411	0.0324342324342324	0.0244200244200244	0.0178044178044178
"X11401"	"X11401"	0.191923213021939	0.112084217975938	0.0777158527954706	0.0580546709129512	0.0448513800424628	0.0339481599433829	0.0254113588110403	0.0193515569709837	0.0143533262561925
"X11501"	"X11501"	0.152016742770167	0.0916412988330797	0.0658083882969728	0.0492558768814477	0.0365930999492643	0.0272915609673601	0.0203365465922544	0.0130855741586335	0.00706071368171825
"X11502"	"X11502"	0.150530812502643	0.0961172440045679	0.0666370595948061	0.0499725077189866	0.039039039039039	0.0306433193757137	0.022882036966544	0.0157128959945861	0.00845916338874085
"X20001"	"X20001"	0.187631240262819	0.131770868612974	0.10722752828016	0.0906094063988801	0.0780103411682359	0.0677143308722256	0.058727900833164	0.048048048048048	0.0362392467655626
"X20002"	"X20002"	0.190104872977127	0.131068619473827	0.106003073863123	0.0885769821896754	0.0749480155501311	0.0651387758792153	0.0560754000542446	0.0457463158846397	0.0342645330440286
"X20003"	"X20003"	0.184146974518699	0.12907666960074	0.104859277315097	0.0877288013180762	0.0734872593495385	0.0644142009163338	0.0553411424831291	0.0449138962240729	0.034193242602749
"X20004"	"X20004"	0.186921414761742	0.130262708973047	0.104560445809166	0.0864778801319231	0.0727169339247128	0.0627089730467417	0.0534288638689867	0.0440350278630729	0.0321619470032981
"X20005"	"X20005"	0.197492594888751	0.133934926867351	0.102615324562008	0.0840164404950518	0.0702165277490758	0.0592638515763128	0.0482422906477463	0.0388969254437326	0.0273242864687378
"X20006"	"X20006"	0.188344091928764	0.12962962962963	0.100398296937234	0.0824291535045552	0.0692441514443987	0.0583711028704848	0.0480245387538342	0.0381357872087167	0.0268964885775763
"X20007"	"X20007"	0.130531169637315	0.0847964884277733	0.0657311341668884	0.0544027666932695	0.0450917797286512	0.0368670745765718	0.0288197215571517	0.0228340870798971	0.0157843398066862
"X20008"	"X20008"	0.128168025958081	0.0795843199158116	0.0575067964570727	0.0448346926247479	0.0361966149258967	0.0293563097430501	0.0238752959747435	0.0179338770498991	0.0123651670612997
"X20009"	"X20009"	0.118310724790377	0.0757715439659335	0.0567408578076298	0.0451951358707582	0.0372053206901093	0.0306642082619957	0.0252864480442513	0.0193160367004697	0.013850476315905
"X20101"	"X20101"	0.211546886168177	0.153005464480874	0.123861566484517	0.10322565769754	0.0881925710728367	0.0756726845126928	0.0661040787623066	0.0560051647414171	0.0450992598741094
"X20201"	"X20201"	0.155647112680662	0.109563359710505	0.0871754626904715	0.0746626555926144	0.0653325485579753	0.0568962134588974	0.0493100516643777	0.0402851350467595	0.0296906677130338
"X20202"	"X20202"	0.144459632450259	0.104276508494435	0.0839245807025537	0.0726637592484107	0.0637679272711493	0.0560654386079108	0.0485148300028206	0.0399010609906919	0.0304844973854933
"X20203"	"X20203"	0.140693340227953	0.100445995733954	0.0817012474953138	0.0698511192984724	0.0610389330575485	0.0537564906383987	0.0463232284058346	0.0391054230495766	0.0288712214250318
"X20301"	"X20301"	0.341045045045045	0.22572972972973	0.173069069069069	0.142630630630631	0.120312312312312	0.101405405405405	0.083027027027027	0.0656816816816817	0.0465825825825826
"X20401"	"X20401"	0.227781341315658	0.170931033663554	0.142280189105077	0.122395647732402	0.106430998028176	0.0913691112536526	0.0784691041265769	0.0643574941201625	0.0478701921934764
"X20402"	"X20402"	0.223554889222056	0.165012731729373	0.135313295733086	0.115799243235525	0.101068513362366	0.0875514623640561	0.0737964351157754	0.0602555864924681	0.0452630827443421
"X20411"	"X20411"	0.173018170123814	0.132106677692785	0.109617990949395	0.0940435991087221	0.0826958858796775	0.0723818712241288	0.0628488732685549	0.0541658052511888	0.0423586704339237
"X20421"	"X20421"	0.209847568925871	0.156532252329137	0.129198966408269	0.109143493824526	0.0936396178555342	0.0806723087499704	0.0680368868975654	0.0544058032856838	0.0403954199559064
"X20422"	"X20422"	0.233845214614445	0.16807551422936	0.133300460223537	0.109725744341129	0.0905654174884944	0.0747863247863248	0.061214426599042	0.0472903165210857	0.0303137033906265
"X20431"	"X20431"	0.302926533090468	0.210928961748634	0.165367334547662	0.136976320582878	0.116211293260474	0.0986035215543412	0.0810928961748634	0.0657437765634487	0.0471645415907711
"X20432"	"X20432"	0.43598322302228	0.250393968046161	0.17150338206415	0.126336460833515	0.0972434358862463	0.0752297136761461	0.0578223870826969	0.0420151768613475	0.0279050597619221
"X20501"	"X20501"	0.141292735042735	0.102519586894587	0.0832220441595442	0.0710024928774929	0.0630787037037037	0.0542646011396011	0.0460292022792023	0.0377270299145299	0.0275106837606838
"X20601"	"X20601"	0.123179850452578	0.0753421662512572	0.056255192618829	0.0430714067077703	0.0349381258472168	0.02820411911321	0.02181993091084	0.0168787441514714	0.0119594210503301
"X30000"	"X30000"	0.212442163892726	0.129662522202487	0.0884371642216521	0.0615091112426814	0.0444707585027301	0.0317084402341951	0.021073175010416	0.0127184615047256	0.0057452360590312
"X30001"	"X30001"	0.182472190009878	0.107138255379461	0.0758493321307392	0.0553622814929348	0.0412532749216166	0.0302151784563845	0.0201005025125628	0.0131211613623674	0.0067001675041876
"X30002"	"X30002"	0.176086634030559	0.108101807701274	0.0770763133914002	0.0572191493419798	0.0432534384470299	0.0319579545213724	0.0220187763578952	0.0138809417848136	0.00676033653336724
"X30003"	"X30003"	0.159148344705585	0.0956532726813242	0.0693286159548479	0.0509645354224581	0.0380338640384129	0.0282200320107826	0.0199225002105973	0.0130991491870946	0.00701288855193328
"X30004"	"X30004"	0.122575623711557	0.0775379696243006	0.0570911691699272	0.0425554293407379	0.0336783205014935	0.0256426437797131	0.0192267238840507	0.0133156632588666	0.00790946190416088
"X30005"	"X30005"	0.144587855048267	0.0910978402791156	0.0641708940687943	0.0482244911064021	0.0370941158843297	0.028082792867998	0.0203771484834864	0.0140628010017338	0.00706350735246902
"X30006"	"X30006"	0.145502134689236	0.0896140396043852	0.062689064813027	0.0460835425114243	0.0338761236617966	0.0244792001887966	0.0178284096028834	0.0117783355860205	0.00589989487460042
"X30007"	"X30007"	0.136498770185007	0.0837129718746658	0.0603144048764838	0.0444872206181157	0.0328521013795316	0.0237835525612234	0.017110469468506	0.011464014543899	0.00618115709549781
"X30008"	"X30008"	0.171903682107764	0.102947845804989	0.070834683079581	0.0506208832739445	0.0360868156786524	0.0249217147176331	0.015959399632869	0.00930785012417665	0.00457833927221682
"X30009"	"X30009"	0.254914910948198	0.15157519318407	0.105166985888206	0.0769654139973141	0.0560288840455276	0.0388789820135174	0.0253175703938533	0.014375976927988	0.00554785020804438
"X30101"	"X30101"	0.136164274322169	0.0990386319333688	0.0815612262980684	0.0704634059897218	0.0621566542619174	0.054913166755272	0.048334219386851	0.040692007797271	0.0326510721247563
"X30201"	"X30201"	0.155619473740279	0.0965590710557153	0.0704378395653563	0.0532651539362949	0.0417598806860552	0.0322573772238202	0.0241610738255034	0.0170874613827634	0.00892723979972302
"X30202"	"X30202"	0.156276668373443	0.108572281959379	0.0831626557433009	0.0670549581839904	0.0550435227854583	0.0456135859361666	0.0373783922171019	0.0292925413893156	0.0194359105649428
"X30203"	"X30203"	0.171074808764424	0.122952590863909	0.0982108129132633	0.0806646786810147	0.0675482950862181	0.0578244522235187	0.0475171787890574	0.0372963395133757	0.0262543757292882
"X30204"	"X30204"	0.194265373011222	0.135009007835732	0.105055240823946	0.0843914827114671	0.0683944346769117	0.0549803564064162	0.0424562088949665	0.0316685116450696	0.0198606498665104
"X30211"	"X30211"	0.192551748282351	0.119403964815544	0.0816156842151328	0.0595159949236357	0.0437617609732616	0.0326462736860531	0.0224279024987966	0.0129316003675988	0.00599536125333683
"X30301"	"X30301"	0.220703125	0.131011284722222	0.0877170138888889	0.0623914930555556	0.0458116319444444	0.0341362847222222	0.0238064236111111	0.0141710069444444	0.0064453125
"X30302"	"X30302"	0.242658457238925	0.150171393637693	0.102727014694002	0.0721599965066265	0.0548677976463396	0.0407414685268881	0.0296063404729154	0.018362044496845	0.00930110696273007
"X30303"	"X30303"	0.25142506357976	0.15364377795317	0.107449793913882	0.0757256862229238	0.0554240112251162	0.0415460843637639	0.0286328159256336	0.0176707883890204	0.00980005261773218
"X30311"	"X30311"	0.148013673907043	0.0833386415270612	0.0532517994776737	0.0373272182941589	0.027114253561798	0.0188334713463703	0.0134403465188866	0.0087054377136548	0.0050321676539907
"X30321"	"X30321"	0.155689528501664	0.0970655603094343	0.0689312416266909	0.0505423743463417	0.0374692078309348	0.0273564112537275	0.0194692942650936	0.0120359566100523	0.00563982886036562
"X30401"	"X30401"	0.179458239277652	0.104109188194967	0.0716913301563414	0.0534654293119304	0.040694757963381	0.0312682886046317	0.0237856366524538	0.0161984783880946	0.0099699021820918
"X30501"	"X30501"	0.215578063454963	0.130697312037398	0.0901181664718868	0.0671341384235813	0.0501017183915509	0.0362723455828247	0.0257109466303078	0.0172921265636497	0.00831060901181665
"X30601"	"X30601"	0.159896840747905	0.107672469374597	0.0798839458413926	0.0618740597464002	0.0490221362561788	0.0382763808295723	0.0286052009456265	0.0200300881151945	0.0120782290995057
"X30701"	"X30701"	0.148603521554341	0.0892748720617573	0.0663977795125336	0.0519342527539249	0.0393355885159164	0.0307702315899037	0.0249371151010495	0.0181065140081534	0.0127721398213201
"X30801"	"X30801"	0.168804240947373	0.100145355051088	0.0709674661194477	0.052627078790988	0.0390107306228891	0.0285793681330426	0.0205848403232012	0.0133812149972212	0.00769526741054252
"X4101"	"X4101"	0.122077633188744	0.0905572238905572	0.0746079412746079	0.0633077521966411	0.0564787009231454	0.0507841174507841	0.0456456456456456	0.0398620843065288	0.0337003670337004
"X4201"	"X4201"	0.124912095639944	0.0858605836849508	0.0655766526019691	0.0522371659634318	0.0426555907172996	0.0357770745428973	0.0301951476793249	0.0243495077355837	0.0183939873417722
"X4301"	"X4301"	0.154468229697588	0.113693510023785	0.0928757503681051	0.0781515460414543	0.0679352135009627	0.0574243968739382	0.0492694529391777	0.0412051194925813	0.0326650809831238
"X4401"	"X4401"	0.127171879176691	0.0886572217767085	0.0711485342600018	0.0612358549407467	0.0535730196917045	0.0464002494876593	0.0403189877929252	0.0342600017820547	0.0284014969259556
"X4402"	"X4402"	0.133759233379916	0.0899048379583417	0.0693862159224507	0.0561877509372019	0.0475810208291742	0.0407488742485748	0.0351811184312682	0.0297686386726115	0.0232248619152193
