"level"	"0.1"	"0.2"	"0.3"	"0.4"	"0.5"	"0.6"	"0.7"	"0.8"	"0.9"
"X10001"	"X10001"	0.160878749471905	0.0945711871567385	0.0635192226446979	0.0449936628643853	0.031389945078158	0.0212082805238699	0.0138149556400507	0.00817490494296578	0.00321081537811576
"X10002"	"X10002"	0.355772569444444	0.221440972222222	0.152213541666667	0.109201388888889	0.0813368055555556	0.0585720486111111	0.0399522569444444	0.0245225694444444	0.010546875
"X10003"	"X10003"	0.46717470328034	0.354793500635046	0.276617176893093	0.217514124293785	0.171462357114702	0.133096833530417	0.0995051022642666	0.0675557307405948	0.0377961722068935
"X10004"	"X10004"	0.460227148867526	0.336581431343056	0.255989361934035	0.197741590914045	0.151984827676411	0.113814226233296	0.0813768447670743	0.0539097072351928	0.0282955115209382
"X10005"	"X10005"	0.470866415028852	0.354266996398976	0.275500021692915	0.215345568137446	0.168901036921342	0.132890797865417	0.096815480064211	0.064753351555382	0.0352726799427307
"X10006"	"X10006"	0.317570610564241	0.207917819382788	0.15125780093933	0.113770400394604	0.0868987111025327	0.0658603015290913	0.047609856527054	0.0307748396920371	0.014883441635034
"X10007"	"X10007"	0.271888910186783	0.178710625519136	0.132068238451217	0.100142695887377	0.0763955444806509	0.0592507401018039	0.0442144271931506	0.030093923710945	0.0161225054842076
"X10008"	"X10008"	0.39949765351312	0.27049595699209	0.201401282305506	0.154846101306542	0.121202106330006	0.0912816445237623	0.0663185493643554	0.0448586599687135	0.0226937228721881
"X10009"	"X10009"	0.292423142096345	0.219141304108624	0.179221407979578	0.148764331770868	0.126427675447283	0.10842631104069	0.0915472810897648	0.074558218349068	0.0539820866618252
"X10101"	"X10101"	0.333400267737617	0.257719767960732	0.216041945560018	0.18685854529228	0.160977242302544	0.138621151271754	0.11731369924141	0.0954930834448907	0.0715751896474788
"X10201"	"X10201"	0.387603656764791	0.284606271932766	0.230023022418919	0.193254207738215	0.161671025279957	0.136681642414895	0.111289926015333	0.0850488388207157	0.0569301951317642
"X10301"	"X10301"	0.31387989246629	0.181410215702462	0.120128701763299	0.0839101627823289	0.0610274973010732	0.0436273575919223	0.0298469549755509	0.018966575644038	0.00817086852522174
"X10302"	"X10302"	0.182843443819054	0.12341046487388	0.0934750885970398	0.0742755889097352	0.0608088388576193	0.0491974150510736	0.0386491557223265	0.0285386700020846	0.0181363352095059
"X10303"	"X10303"	0.206435263081365	0.140524708668287	0.105004050601359	0.0828607631748406	0.0676969734737542	0.0553789908809539	0.0448266550341705	0.0355829750109055	0.0251345007374172
"X10304"	"X10304"	0.266798745253426	0.200697540036322	0.162209014363546	0.135112266798745	0.114268614825821	0.0954474162126465	0.0785454845633152	0.0602402179296682	0.0400982334489021
"X10311"	"X10311"	0.400839544247409	0.260944058939433	0.184335646363403	0.13522659127902	0.103486678660156	0.0777863445558126	0.0573759958879465	0.0394500128501671	0.0223807076158657
"X10312"	"X10312"	0.318869418233947	0.207908081391617	0.152769754156236	0.120932023878298	0.0954917945097032	0.0750155123349809	0.0583905685003316	0.0437768791321651	0.0286282816612106
"X10313"	"X10313"	0.319093268137854	0.210019515752	0.158592292350254	0.125158163374724	0.100838533959553	0.0787492762015055	0.0611850994016599	0.0462587660039889	0.0310965279118145
"X10314"	"X10314"	0.213900218349607	0.136921682527912	0.0992254768673011	0.0730441230997405	0.0553289663412022	0.042701767395872	0.032319861574589	0.0233180900589132	0.0145635067770774
"X10319"	"X10319"	0.447154471544715	0.329214092140921	0.268428184281843	0.227479674796748	0.197506775067751	0.173306233062331	0.148211382113821	0.121382113821138	0.0912195121951219
"X10321"	"X10321"	0.295142728426916	0.246365237334644	0.218966293975509	0.198038252037515	0.179792767334234	0.162386861612811	0.144653315313102	0.12560920670025	0.0983126510218291
"X10401"	"X10401"	0.353946706887883	0.267722473604827	0.220165455459573	0.189405365875954	0.163992869875223	0.140157228392523	0.121372091960327	0.101969925499337	0.0779057543763426
"X10402"	"X10402"	0.34303548408983	0.270913901892937	0.227446457244951	0.197186602437976	0.172286677069905	0.149037700431961	0.129248931406473	0.107650903498654	0.084628084221001
"X10501"	"X10501"	0.362920795558367	0.281678262702931	0.235176985967625	0.198678754655984	0.17180874739382	0.148546395858224	0.126455361116968	0.103942652329749	0.0743083374329421
"X10502"	"X10502"	0.357165468276579	0.275448831004387	0.231289286844842	0.198480531813865	0.17415095192873	0.151155428933207	0.130059241170352	0.108917831140053	0.0832541943653055
"X10511"	"X10511"	0.410003834723421	0.3088630045058	0.248322308503499	0.205541175342728	0.17066915923689	0.139991371872304	0.113052439842776	0.0847473875946697	0.0460406480682581
"X10521"	"X10521"	0.283384720794793	0.219961173918008	0.186890487609912	0.165033687335846	0.147036656389174	0.129747630467055	0.112641315519013	0.0956948726732899	0.074911499371931
"X10601"	"X10601"	0.581451180570123	0.360534228375638	0.233433559424749	0.155000815793767	0.101787753770133	0.0652168846001445	0.0387618581451181	0.019276041302473	0.00685266764561919
"X10701"	"X10701"	0.397374784110535	0.294484743811169	0.234496257915947	0.189683362118595	0.156753022452504	0.12769142199194	0.101531375935521	0.074496257915947	0.0466321243523316
"X10703"	"X10703"	0.318074452003023	0.247378117913832	0.210057634164777	0.18067365835223	0.157879818594104	0.138605442176871	0.118268140589569	0.0967734315948602	0.0723261526832955
"X10801"	"X10801"	0.560540858318636	0.3782480893592	0.270687830687831	0.19358024691358	0.144479717813051	0.107089947089947	0.0774368018812463	0.0530276308054086	0.0303350970017637
"X10901"	"X10901"	0.389082462253194	0.288166214995483	0.226803458510776	0.182432141781735	0.149954832881662	0.123370757517099	0.098507334279692	0.0742461392867897	0.0473179334967953
"X10902"	"X10902"	0.35806951610506	0.260016561564431	0.203686009724611	0.164235513939317	0.136165785506508	0.111472068284604	0.0882858780814065	0.0670531031700533	0.0419984287746566
"X10903"	"X10903"	0.367452729976631	0.284682387932866	0.235797748034842	0.200849798172934	0.173273847461228	0.148077331633737	0.121308689186318	0.0977055449330784	0.0684937327384746
"X10904"	"X10904"	0.245960245960246	0.215174358031501	0.195991910277625	0.179873751302323	0.164368450082736	0.150987722416294	0.135788850074564	0.118261118261118	0.0957692386263815
"X10911"	"X10911"	0.247535203833893	0.168788396985243	0.129351658327528	0.104650917305297	0.0866425992779783	0.0705765617412967	0.0570017100513015	0.0450735744294551	0.0330398800852914
"X11001"	"X11001"	0.343685977071619	0.254871191316856	0.203805413887799	0.167538468244628	0.140578004446188	0.117061156880694	0.0955712479839588	0.0773070049256789	0.0537683623207358
"X11101"	"X11101"	0.38526750730213	0.308280496782313	0.265037638621738	0.231792168317067	0.205741967656907	0.1822089240341	0.160148179810501	0.135404051198024	0.10341715941203
"X11201"	"X11201"	0.381507065781751	0.282202356765542	0.227233735157343	0.189376495552847	0.158201273195178	0.133369452345478	0.110298433337848	0.089281683145966	0.0643144160007224
"X11301"	"X11301"	0.336722200358564	0.224299269753815	0.166382439109712	0.131334994971359	0.103415103415103	0.0819012637194455	0.0641042459224277	0.0486466395557305	0.0329922602649875
"X11401"	"X11401"	0.342281577409056	0.213701155627501	0.152389945591079	0.113539277845227	0.0867844777193219	0.065965196276811	0.0492153424164756	0.0355231799991007	0.020999145645038
"X11501"	"X11501"	0.266840476493281	0.176247403450761	0.131565560218746	0.100110220865658	0.0780236550934758	0.0615753105260927	0.046716689982619	0.0343592352367629	0.0206028233498665
"X11502"	"X11502"	0.306779520371753	0.245996182889387	0.207430918595967	0.180316986142229	0.157269106298233	0.137187785246038	0.117791054684259	0.0962783171521036	0.0708862335075927
"X20001"	"X20001"	0.400811235375489	0.31600665869499	0.265620970199995	0.227778950083234	0.200675247942604	0.175423788422311	0.149937867810837	0.12227145905137	0.0892593374129563
"X20002"	"X20002"	0.402625922810952	0.317236706849827	0.266119988786095	0.228273058592655	0.201219512195122	0.176151761517615	0.150780300906457	0.123095972339034	0.0894542566115316
"X20003"	"X20003"	0.404008438818565	0.32079231129864	0.26797937177684	0.23103609939053	0.204805438349742	0.180567276136896	0.155766526019691	0.127848101265823	0.0936708860759494
"X20004"	"X20004"	0.40620460190262	0.32140681381508	0.269061343080744	0.23246168986363	0.20535170345377	0.181803271006139	0.156567786681663	0.128895449646188	0.0962088195323117
"X20005"	"X20005"	0.410954418952735	0.323393905376646	0.272761290020814	0.233471315980261	0.205617530812227	0.180219369021726	0.153113964311607	0.126569844944924	0.0945765803690451
"X20006"	"X20006"	0.409631502551857	0.323547314697757	0.272135599569228	0.235028327948682	0.206208737182189	0.180549702673596	0.15409467621857	0.127546003652198	0.0952146837102589
"X20007"	"X20007"	0.361905419717272	0.289865082654142	0.251623152369112	0.221715706589308	0.196482018695032	0.173136252705254	0.150412119537689	0.128839158263112	0.100290095317033
"X20008"	"X20008"	0.358047427415138	0.29097605893186	0.254234590637292	0.225541686560717	0.201305049678285	0.178273423822841	0.157265307050451	0.134938498965509	0.107950799172408
"X20009"	"X20009"	0.339655636265806	0.28042328042328	0.245605775266792	0.219800914716169	0.19774011299435	0.176979643081338	0.157048695184288	0.137297103398798	0.110774818401937
"X20101"	"X20101"	0.477022172674347	0.340245261984392	0.262727610553698	0.209983896940419	0.166381766381766	0.131004583178496	0.0997398736529171	0.0702341137123746	0.0362690449646971
"X20201"	"X20201"	0.411087061087061	0.332611832611833	0.288455988455988	0.256204906204906	0.229124579124579	0.203198653198653	0.178330928330928	0.153294853294853	0.11950456950457
"X20202"	"X20202"	0.39906407487401	0.323806095512359	0.280633549316055	0.250539956803456	0.223134149268059	0.198560115190785	0.173842092632589	0.149532037437005	0.117278617710583
"X20203"	"X20203"	0.390304164267895	0.318293033966609	0.276674342736519	0.246113989637306	0.219343696027634	0.194828247937056	0.171320284014585	0.14690078679716	0.1160285933602
"X20301"	"X20301"	0.758396389220762	0.502110712863401	0.36742333731581	0.279145094915704	0.211628833134209	0.152183724943582	0.102535510420815	0.0619673436877738	0.0240276118412319
"X20401"	"X20401"	0.432578904645944	0.338991548488755	0.284558086234064	0.243923984147448	0.211168409492432	0.182925082366423	0.156567826958888	0.127465024113069	0.0901733276034952
"X20402"	"X20402"	0.443049051605884	0.346506787758384	0.287119814578308	0.247694054207464	0.214133673903789	0.184049950333475	0.156757012440282	0.12901471075162	0.0899200605458588
"X20411"	"X20411"	0.364503037725428	0.295175659774752	0.252431381024422	0.220709362918138	0.19744014600293	0.176692361261196	0.153975458060178	0.128593040847201	0.0990082366784334
"X20421"	"X20421"	0.409204331450094	0.312853107344633	0.25280131826742	0.212617702448211	0.182274011299435	0.155437853107345	0.127824858757062	0.0983286252354049	0.0643596986817326
"X20422"	"X20422"	0.418249976716029	0.312587314892428	0.250349259569712	0.207134208810655	0.173419018347769	0.144011362578001	0.113765483840924	0.0834031852472758	0.0477088572226879
"X20431"	"X20431"	0.453543454809812	0.338398761784156	0.275667182589935	0.228061535575254	0.189648703156512	0.158904366586933	0.128722855400779	0.0990338164251208	0.0620749495802261
"X20432"	"X20432"	0.103493824714352	0.0404640820729586	0.0206943618871497	0.0111177156946921	0.00605420161592145	0.00319221539748586	0.00116680976597759	0.000330229179050261	0
"X20501"	"X20501"	0.372265587356654	0.307121518743375	0.270622530596512	0.243736147248723	0.220897176447914	0.200876939385179	0.180471234460827	0.158041823262985	0.129107641900357
"X20601"	"X20601"	0.340976020193521	0.27859580236526	0.245828074603842	0.221006871406535	0.201467769831253	0.181437853503482	0.162483055204974	0.141564997896508	0.115972514373861
"X30000"	"X30000"	0.0349002849002849	0.022119341563786	0.0162630579297246	0.0119301994301994	0.00985280151946819	0.0083491611269389	0.00680595125039569	0.00526274137385249	0.00300728078505856
"X30001"	"X30001"	0.106376847392038	0.0635214688567782	0.041949693302046	0.0282614960273352	0.018895887365691	0.0126590095096949	0.00837758840722901	0.00450784241076942	0.0013379440945206
"X30002"	"X30002"	0.0799868604746654	0.0457419725712409	0.0303030303030303	0.0213517286688018	0.0152952287098629	0.0104089677260409	0.00677506775067751	0.00373655251704032	0.00137554405847089
"X30003"	"X30003"	0.124912970471393	0.0978007126182578	0.0797804808125486	0.0669615431871237	0.0579514272842692	0.0492279968874145	0.0408526846049883	0.0323954621779907	0.0220952614981365
"X30004"	"X30004"	0.0508994903911095	0.036000081864882	0.028795972247805	0.0243138699576349	0.020220625857023	0.0163934426229508	0.0134258406500072	0.00976238717995948	0.00581240662286896
"X30005"	"X30005"	0.0667560267267816	0.0489449420175064	0.0392168809277199	0.0322914762688113	0.0269907999756291	0.0227055789110258	0.0180751030687057	0.0140742094681046	0.00903755153435285
"X30006"	"X30006"	0.0471844464591518	0.0329001712501259	0.0257278130351566	0.0200664853430039	0.0159564823209429	0.0130351566434975	0.0103958899969779	0.00719250528860683	0.00451294449481213
"X30007"	"X30007"	0.0453760591093443	0.0318234750833233	0.0244147291490985	0.0189535397341686	0.0154800626430551	0.0127896237401116	0.0100590290326467	0.00726820061839939	0.00451752800867365
"X30008"	"X30008"	0.0360906164397257	0.0239937616219783	0.0180553056205387	0.0140163557475056	0.0111171095515166	0.00849779057445064	0.0069581908703737	0.00503868994061544	0.00281926699058245
"X30009"	"X30009"	0.0409157815172853	0.0253610216016231	0.0179416795958149	0.0134860961928631	0.010661574571349	0.00819509090185782	0.00608664518438955	0.00379918049090981	0.00228746469347973
"X30101"	"X30101"	0.323934621644545	0.242509685257777	0.19659354010499	0.167755541801343	0.145106939000069	0.125965660316805	0.107214084313321	0.0874538660798203	0.0628796735666965
"X30201"	"X30201"	0.163407160630925	0.117650687889444	0.0920887572747651	0.0732514858000699	0.0596993439858515	0.0481419787360931	0.0365640487794846	0.0258087070968803	0.0137989182964197
"X30202"	"X30202"	0.128390485016991	0.0950262588816806	0.0759756976624446	0.0627741736175471	0.0531356194006796	0.0442178972299454	0.0351971990526207	0.0274328081556997	0.0175677067243332
"X30203"	"X30203"	0.181428600861199	0.158044378515359	0.141953561200733	0.130209942930136	0.120073346107094	0.110575437295259	0.0999031666563652	0.0884273852936935	0.0719863197148567
"X30204"	"X30204"	0.0737114354332163	0.053205246628487	0.0428392552907609	0.0354906911345116	0.0296200504957202	0.0249604860726235	0.0199724942012029	0.0147381817435392	0.00940123570827432
"X30211"	"X30211"	0.161377151799687	0.0871987480438185	0.0559415753781951	0.0377464788732394	0.0259154929577465	0.0178403755868545	0.0110798122065728	0.00550860719874804	0.00187793427230047
"X30301"	"X30301"	0.277534066586136	0.201665713014178	0.162777883739165	0.136245152266514	0.115497912560663	0.0985228982558756	0.0804246932417827	0.063640409434802	0.0440163604382563
"X30302"	"X30302"	0.248625703066964	0.176483073331211	0.138215005836782	0.114358484559058	0.0962538469701793	0.081099437546429	0.0674732038628887	0.0530616576461849	0.0365488697866921
"X30303"	"X30303"	0.243209404974111	0.171993039640098	0.131970970206264	0.108904167727697	0.0919489007724302	0.0767125031830914	0.063385960444784	0.0499108734402852	0.0352474323062558
"X30311"	"X30311"	0.144047694019355	0.0922812099838361	0.0689590024560741	0.054978273191007	0.0439574280496253	0.0352457123664379	0.026554988769234	0.0179062493439973	0.0105380271637593
"X30321"	"X30321"	0.181818181818182	0.107305231541484	0.0745952395646897	0.0550515336666049	0.0413092225719517	0.0311053508609517	0.0221975354358246	0.0146063486185686	0.00738546359727622
"X30401"	"X30401"	0.232469623773972	0.140640358031662	0.100591839722275	0.0756007277746408	0.0565489261141435	0.0424744337787816	0.0331472070602505	0.0240500240500241	0.015433841520798
"X30501"	"X30501"	0.0629166155481945	0.0477651003966793	0.0394430131272237	0.034269823743508	0.0299554246922668	0.0256205782521572	0.0220422852001799	0.0180754917597023	0.013986013986014
"X30601"	"X30601"	0.293473121595231	0.261691849110906	0.24142255113578	0.224380717442697	0.208633980881899	0.194141227258711	0.178456161989927	0.161804913146264	0.138328707986432
"X30701"	"X30701"	0.0457984866587017	0.0326762246117085	0.0264436479490243	0.0215452011150936	0.0179808841099164	0.0149741138988451	0.0126642771804062	0.00993628036638789	0.00742731979291119
"X30801"	"X30801"	0.201250439931267	0.17102457404302	0.152744135974991	0.138956172494462	0.127155663209324	0.115562180402874	0.103140591681676	0.0908639214955593	0.0759994203258597
"X4101"	"X4101"	0.350393609899116	0.279012858692892	0.237089364452755	0.207470508114597	0.181960892951959	0.161553200821848	0.143430985525313	0.124777800863402	0.101784518780156
"X4201"	"X4201"	0.327000225377507	0.255397791300428	0.21510029299076	0.186026594545864	0.160671624971828	0.138449402749606	0.117692134324994	0.0988054992111787	0.0771692585080009
"X4301"	"X4301"	0.320457205811471	0.245931740457665	0.207900112465285	0.180288737405036	0.157703872019096	0.138814294567238	0.121944501824692	0.104110720925429	0.0814110950446418
"X4401"	"X4401"	0.330585891888179	0.262815669574376	0.226641023879845	0.201433248620555	0.180964809854157	0.162488266135495	0.143622501545436	0.124688050919248	0.101243217253932
"X4402"	"X4402"	0.354018427294289	0.277869002006933	0.234423462871739	0.205642218573253	0.182722130997993	0.161558109833972	0.140553731070972	0.120005473453749	0.0944854953475643
