"level"	"0.1"	"0.2"	"0.3"	"0.4"	"0.5"	"0.6"	"0.7"	"0.8"	"0.9"
"1"	"X10001"	0.737319710992764	0.595061979795329	0.498080584785131	0.417041194185603	0.347295728923213	0.288203687839818	0.236711484048383	0.187136338218027	0.135912846526382
"2"	"X10002"	0.776351032276675	0.657976051098038	0.568752861063279	0.499137797389708	0.436337257813836	0.376260075493689	0.317535312536858	0.255233726073069	0.188764479052991
"3"	"X10003"	0.807610542846479	0.698699995416815	0.618182179696144	0.552318206654809	0.48922568809678	0.428078088133546	0.366024058361015	0.297262491712012	0.217246284622217
"4"	"X10004"	0.767293728950116	0.642153255500696	0.552144647389368	0.481633016528824	0.416611942554753	0.356968567718073	0.300964540459971	0.241021009662211	0.169121533911631
"5"	"X10005"	0.741642601382443	0.617068344902661	0.531126939683398	0.46027898980979	0.40094349700226	0.347535769290825	0.294135664210122	0.23872757244934	0.175138887666473
"6"	"X10006"	0.841443674480981	0.715419479006113	0.6141782833128	0.526598602808011	0.449148519078562	0.375591198102603	0.302553037484918	0.226258611758634	0.133391887318824
"7"	"X10007"	0.825833168600877	0.693233961484305	0.592084560256506	0.507037686349994	0.431688990628392	0.36330543976313	0.294103825116186	0.221330297937968	0.133682827564613
"8"	"X10008"	0.862096381969755	0.735284065132472	0.631920354844547	0.539800659187257	0.45839724092214	0.380366534005688	0.30140200425569	0.220662000417773	0.127493187694889
"9"	"X10009"	0.915462417791071	0.824662821580583	0.74841840672387	0.678962757835521	0.61580940881023	0.552198328730418	0.484261246663841	0.40586643858964	0.303131021299329
"10"	"X10101"	0.934886075666351	0.858766786773225	0.791059056664797	0.73206959050912	0.675300045753577	0.617134181955296	0.556913025472604	0.488252074751406	0.3980547599316
"11"	"X10201"	0.925440781095252	0.83737168269407	0.760032853560355	0.687052379624156	0.620476424220531	0.552258848424649	0.478434374413296	0.393533396588587	0.286059733805638
"12"	"X10301"	0.734408581971872	0.583738165358045	0.486576280737121	0.413447517883531	0.353527788966812	0.302877204754871	0.253669724706559	0.204722510336263	0.150621191027815
"13"	"X10302"	0.700512878603107	0.611561601377075	0.541269773277387	0.484527767504726	0.438772930007706	0.399686114799109	0.359174550685329	0.315432689180747	0.260474863935929
"14"	"X10303"	0.753615919110423	0.601842413350347	0.503679404090345	0.426257671094316	0.361469926928348	0.306615505410116	0.248879586809212	0.194956653918948	0.134522564925572
"15"	"X10304"	0.703320569451903	0.618821590706503	0.558776305139294	0.510498014850732	0.471221809608339	0.433285460892526	0.395339060729928	0.354474430222845	0.303903199978436
"16"	"X10311"	0.853716790784662	0.70499541892186	0.589546878711418	0.497927515444159	0.424653885092209	0.355442471266413	0.292244692881238	0.227169905073326	0.150728043401159
"17"	"X10312"	0.854028614093919	0.706334642592284	0.597835964316201	0.514267090137707	0.441269397870204	0.378320879821181	0.316793528574077	0.25285465361171	0.179260621477442
"18"	"X10313"	0.852493065081893	0.708731762867741	0.605829186156613	0.521946649541495	0.450028786157836	0.385305120655238	0.325295442045385	0.261242846666782	0.186920445666509
"19"	"X10314"	0.784908191984011	0.653513443664665	0.555413848610911	0.475784441121021	0.40471976946604	0.342044348297145	0.279915159587186	0.2218112906696	0.156760946113479
"20"	"X10319"	0.939035917352374	0.838277681190041	0.740632680731338	0.64907839511955	0.56463134242379	0.483833802176849	0.405908238740216	0.324387155233868	0.229909235817573
"21"	"X10321"	0.687708886091338	0.5999415934774	0.53770735150968	0.489510745272846	0.445897232998601	0.402929823134251	0.362874236948547	0.320123732598602	0.26178715151134
"22"	"X10401"	0.929371127938899	0.850863310092727	0.782767247603664	0.724635927549177	0.668762024649755	0.613577834244927	0.555724790543237	0.487716164400913	0.397470306984992
"23"	"X10402"	0.92013109137559	0.839750947464388	0.772286939217965	0.713297190974904	0.656930343844262	0.60107818520944	0.542472253302038	0.477712009796686	0.390383188238381
"24"	"X10501"	0.928662114959515	0.863633325858169	0.806651326972656	0.752503995562098	0.700105316185352	0.645939287631451	0.588718162996112	0.514917373452249	0.408696524787386
"25"	"X10502"	0.935612361322241	0.872636846176607	0.817488833634646	0.764959489939872	0.712329887035156	0.658322612631808	0.599242278946996	0.529874822713924	0.431708461473696
"26"	"X10511"	0.898314240413505	0.80794471945115	0.731818804444322	0.661966213467259	0.594136048113937	0.523473265822869	0.44476956223428	0.353164732460194	0.231540451898075
"27"	"X10521"	0.943432283710499	0.891309510088654	0.844751322296547	0.798213848124508	0.749333160397989	0.698244744905954	0.644478439401971	0.582199713818685	0.491799964214922
"28"	"X10601"	0.778368871492602	0.563836777705719	0.406137591714384	0.290001644869319	0.200867717341326	0.133729219399065	0.0821717790814148	0.0425551544060644	0.0145385836197895
"29"	"X10701"	0.868747129347837	0.750217559562167	0.650283552007078	0.561086916820071	0.481467028678114	0.404119854074081	0.32704474586787	0.245516949221762	0.148540233052223
"30"	"X10703"	0.943418317546973	0.889515080212803	0.843453978772457	0.798601822769478	0.752145312651426	0.703069273162742	0.644954414551482	0.573293595427251	0.47160292535757
"31"	"X10801"	0.903753678849635	0.766280864373141	0.6493221808189	0.542595104963693	0.446340330285845	0.359773338490104	0.279629083868603	0.20020372654625	0.116780134993989
"32"	"X10901"	0.702933618704206	0.597121870758556	0.525112303102988	0.470087882187183	0.422406323322161	0.377889902132032	0.334669201713444	0.286781209701179	0.225856564667298
"33"	"X10902"	0.692509320443736	0.59153998810922	0.52368330885063	0.471287917418821	0.430425194121894	0.389388936755138	0.350525490341268	0.308717402590364	0.252545889399592
"34"	"X10903"	0.706496927165539	0.607691079952821	0.540553341364785	0.490654906303951	0.444711142490985	0.40534921819392	0.362677307729175	0.316058029953374	0.253729054724156
"35"	"X10904"	0.727920563733075	0.649606817237448	0.59606272023091	0.553407830068579	0.51505813437072	0.481377145898069	0.447305379480268	0.407633796540988	0.35776615104971
"36"	"X10911"	0.830536906076241	0.684185124262415	0.58184610747615	0.502989864147421	0.439781837558065	0.379564313711353	0.324156228655623	0.266164588794756	0.199088076089033
"37"	"X11001"	0.89870890404938	0.797128161054481	0.712267864178567	0.637735424267746	0.567328708436134	0.500356107485031	0.431402816544754	0.354237410919555	0.252139341522634
"38"	"X11101"	0.926297447078996	0.866121862078531	0.81375325289578	0.761345289771765	0.708618214673357	0.653696427775793	0.594240144050832	0.523512104874134	0.422861205769578
"39"	"X11201"	0.916050015547259	0.826133355266757	0.754871790244819	0.69226224752288	0.630419481124851	0.568253022661975	0.501485147831601	0.429230665163063	0.328752206987371
"40"	"X11301"	0.886417855468276	0.767117403209318	0.665944655963396	0.579538210079887	0.502290777355544	0.434083586879441	0.364559792738642	0.289536790677862	0.200344282065354
"41"	"X11401"	0.865786907880501	0.721168310498264	0.597363439910573	0.493152993357973	0.405681522990444	0.329611766704061	0.261301875594976	0.195148259251393	0.123609423341077
"42"	"X11501"	0.766574851725946	0.623333504226271	0.522153847797581	0.444152826973743	0.3808281339726	0.322752054974969	0.265477716677408	0.206006358986992	0.13814813106293
"43"	"X11502"	0.781795550664592	0.673551013217391	0.587460783544018	0.513977914638569	0.454197010919952	0.401427443469043	0.349415318630964	0.292207195296369	0.22375534454706
"44"	"X20001"	0.931568176306137	0.863471423088919	0.80270015090725	0.747023042031086	0.689428394164312	0.628269639346614	0.560182336296678	0.479864567904636	0.364879132377221
"45"	"X20002"	0.933109528374233	0.863500385975236	0.803839181308869	0.748131784656429	0.690893464886337	0.629130590006089	0.561875582731386	0.483564156212079	0.368978453297556
"46"	"X20003"	0.933703845181716	0.864255933686998	0.804649777854287	0.748552612261302	0.691797782124854	0.63131098424886	0.564492825358281	0.486102711576285	0.372288113707763
"47"	"X20004"	0.929162002514226	0.860526411899672	0.801333542012683	0.74555628312968	0.690312597016596	0.631220138874134	0.564534848724772	0.485269347838564	0.369450563122249
"48"	"X20005"	0.923184561298039	0.854927853139049	0.795048981526196	0.739056545558892	0.683149065770368	0.625365358912042	0.56069132569268	0.480244948745678	0.365225428520185
"49"	"X20006"	0.922249751177994	0.856862521366419	0.798800680161545	0.74495903742573	0.690031700096448	0.633199630521472	0.567640055622884	0.488016052973267	0.371793716212628
"50"	"X20007"	0.945283190014111	0.887172260611933	0.837008548110062	0.788957743723207	0.738931125672598	0.68631170348776	0.628451277718181	0.555651075374917	0.452356645653309
"51"	"X20008"	0.947294266891306	0.891785284335554	0.841707388636736	0.790787189590929	0.74079820636714	0.688511646891457	0.627729643517957	0.554023710232842	0.449067472355683
"52"	"X20009"	0.952121062814492	0.894634781225792	0.838702057438268	0.786916447737572	0.733994574296495	0.680566866916332	0.624043838019545	0.551685737572854	0.447750095396817
"53"	"X20101"	0.91009056458197	0.825579843779865	0.750381553950663	0.679270338141548	0.608405547789685	0.537055779792232	0.459539944891296	0.374672446307327	0.265697184182256
"54"	"X20201"	0.947260213887218	0.90042712281113	0.85619236129475	0.812233997024902	0.767519978581852	0.717491965923683	0.659110857423015	0.587269882298443	0.480111251037841
"55"	"X20202"	0.947740903031163	0.899928025693703	0.857214261222222	0.812984159919564	0.768208817159113	0.717624069349933	0.659845319107842	0.589258821303315	0.479596385110752
"56"	"X20203"	0.947746873551573	0.899480989509613	0.854558851761393	0.809571313792019	0.762997632681518	0.710339320483813	0.652050823719821	0.579667154166791	0.472605782633516
"57"	"X20301"	0.906240324233344	0.800708739298846	0.698244209063804	0.595562730022155	0.500148284140918	0.413598812663346	0.326937186597799	0.239012112655165	0.142486641071217
"58"	"X20401"	0.912715818229507	0.833966465171817	0.767423127265472	0.707043635120069	0.644575759859184	0.579492146544002	0.506241321656507	0.417248273932775	0.295962969786475
"59"	"X20402"	0.912693591080141	0.833859757313179	0.765093262870162	0.70343163226528	0.639208411572887	0.570938309354077	0.496610852606905	0.40703160802331	0.285371051421246
"60"	"X20411"	0.950235771838323	0.902256642683797	0.858600331243471	0.816276087525715	0.771408989573167	0.72309135189742	0.665843422826411	0.59482263214758	0.493008611091398
"61"	"X20421"	0.90896236982926	0.823658727566895	0.746646791266921	0.675167883859429	0.603294206724294	0.527425971728408	0.443173440072247	0.343773233312508	0.217220204118111
"62"	"X20422"	0.898415787287395	0.806647117308052	0.724980330864642	0.64667474444761	0.569256882120075	0.4870059715842	0.39836548171157	0.295199640471463	0.171270379305246
"63"	"X20431"	0.892863464643344	0.807841362287717	0.737733841310187	0.670289842945751	0.602526257628951	0.534966845126987	0.459460972512532	0.369787897137344	0.25350451391258
"64"	"X20432"	0.55531464109462	0.346520550257353	0.232085091637637	0.159283191247144	0.110312489412475	0.0737546700405759	0.0460401947442984	0.0247694931459715	0.0102765683914477
"65"	"X20501"	0.956217991895138	0.90229229665115	0.852378697233896	0.804390098689292	0.757245100228912	0.707768379598575	0.652488102101951	0.583137327479841	0.478197379066485
"66"	"X20601"	0.946680578356647	0.890304834043927	0.838787555201855	0.789899402400965	0.739769155798058	0.686611332345007	0.627239120972388	0.557016991683471	0.460794286644199
"67"	"X30000"	0.736483618285642	0.614687618643273	0.534823464941085	0.464960331508306	0.403396606798578	0.346059501703748	0.293085261892101	0.242305953608487	0.180330059986356
"68"	"X30001"	0.73189427447669	0.612767293847815	0.518807130115592	0.43732573611088	0.366313653021568	0.306757649066894	0.24931982304016	0.194979547642416	0.134943366358791
"69"	"X30002"	0.754489334636025	0.643769612113929	0.558427227417828	0.482426778716991	0.417409649571163	0.354012622806758	0.295110641606709	0.233544922082118	0.162909783050555
"70"	"X30003"	0.786805595884673	0.687235611972107	0.608956241345728	0.543013620818934	0.482986440497428	0.427205604187769	0.364928537304785	0.297830496510724	0.215902449404623
"71"	"X30004"	0.785312679343741	0.671671883143784	0.58855973519586	0.517947431368403	0.452197157786156	0.391103828108223	0.324530497518288	0.248132497300341	0.161348103930567
"72"	"X30005"	0.839905644404292	0.73165489914335	0.641992773680254	0.560816527342453	0.490599687361957	0.418455007749789	0.342204570259155	0.262507834030797	0.161843692355262
"73"	"X30006"	0.80906769331282	0.694316582257657	0.600188545293307	0.518670374588117	0.442861005167282	0.372807789540656	0.296582681352049	0.222081418258206	0.146335789964483
"74"	"X30007"	0.815404736429049	0.698412236774598	0.603722789229286	0.522130263382307	0.444830210296041	0.373419468882048	0.304131088929945	0.229443594239197	0.150075459714907
"75"	"X30008"	0.79374117696763	0.681963952747039	0.589383798861093	0.509336886446531	0.437372799818093	0.365416422160784	0.290695834391609	0.215703379671131	0.132198469406472
"76"	"X30009"	0.746837841895071	0.627967248050881	0.539001224214826	0.463134052797448	0.397891303200514	0.332503536206304	0.265061295517025	0.201588852182133	0.12914040094392
"77"	"X30101"	0.931318985381256	0.844355498969009	0.765191288776248	0.69942136947204	0.639466447675469	0.581112153279063	0.515807025704137	0.438034670488029	0.332291680277507
"78"	"X30201"	0.768424105415176	0.648499016021294	0.542197666328528	0.456336420742575	0.3833227981584	0.312447452935617	0.249832859732781	0.190181447325935	0.119806039409119
"79"	"X30202"	0.746282419358316	0.663062297274824	0.596502283519101	0.532337375355013	0.472819650033054	0.413613557740169	0.35125109028711	0.281768286596092	0.196838365266397
"80"	"X30203"	0.839603119814218	0.751437792816004	0.681182003704937	0.622669291739002	0.564916985413728	0.506895333729117	0.44790945928427	0.378930048314547	0.28999269300548
"81"	"X30204"	0.863514105843031	0.772357094678979	0.699208413818345	0.627994907703594	0.560256383480569	0.492966433508994	0.425571449897712	0.34557691744587	0.249187656335184
"82"	"X30211"	0.754955974323778	0.58257241812419	0.451706825797628	0.354325146674247	0.27561073030689	0.207040899602002	0.148274888214426	0.0967133593096841	0.0486062087217927
"83"	"X30301"	0.788072851435379	0.646243272536863	0.547444090949001	0.464415996855976	0.394143312610901	0.32795889690613	0.266559885778377	0.203461139691055	0.134995388558962
"84"	"X30302"	0.801942302113586	0.663645105544346	0.566286782916367	0.486301035065013	0.416357192349247	0.349218768474527	0.284037557104126	0.218581588432965	0.144539269603005
"85"	"X30303"	0.803668690822512	0.669108900694248	0.573813885739007	0.493375086915365	0.423946678420687	0.356365551979626	0.288479496026031	0.222224030423239	0.144237108449483
"86"	"X30311"	0.761330701176806	0.597836881906663	0.479081113859808	0.389538475837721	0.31026134207517	0.243065014621912	0.180653173438741	0.124333300776037	0.0718242865977188
"87"	"X30321"	0.753183179525475	0.571845529511579	0.442195643105759	0.350691418984266	0.276518001768448	0.212636678220066	0.157701536497859	0.107091082641533	0.0582023608249201
"88"	"X30401"	0.750934983357419	0.572872531793495	0.447062647689179	0.353642695339262	0.280328222924614	0.219267670541697	0.167299677565704	0.119120105306395	0.0696395236267799
"89"	"X30501"	0.818724448377853	0.720153488716906	0.63730288509834	0.56605179165767	0.4982824679977	0.433376363667296	0.369967017316749	0.301856454879963	0.217238507649986
"90"	"X30601"	0.869721813009156	0.774548864842328	0.689366867603737	0.615212756573335	0.55202406485452	0.48808979447177	0.419378902706693	0.34690555369889	0.260932256437422
"91"	"X30701"	0.765120471525492	0.637188381851089	0.548930153735872	0.478968788243917	0.413602823727502	0.356496758275266	0.302345771221638	0.242665392852689	0.175435085865172
"92"	"X30801"	0.741334374234046	0.669008996191797	0.613867701589767	0.563798606143888	0.517083693252969	0.46783186935287	0.417887276637189	0.356931896740321	0.277367607280832
"93"	"X4101"	0.959879566452052	0.90727421710654	0.857586448844528	0.810132753048855	0.762344541398601	0.71570272560149	0.661250833081832	0.592445734033528	0.498290131549854
"94"	"X4201"	0.949965034169299	0.89087302902873	0.837073661506817	0.783352867224008	0.728933438834429	0.672681572868837	0.610393114684742	0.536726666812713	0.440366038488827
"95"	"X4301"	0.956945579100093	0.897611948249759	0.84292871303826	0.79158856753676	0.741553699476548	0.689404356602169	0.631873193238036	0.563254826143468	0.463009439697585
"96"	"X4401"	0.957660962664765	0.912771363046542	0.866776495139393	0.821057614462198	0.774064500183091	0.723939782741201	0.670902127864657	0.605792637144404	0.513473817688397
"97"	"X4402"	0.953497950657325	0.904935255740134	0.855439478609488	0.807002668667306	0.756978509808395	0.704250541008601	0.64605038546028	0.579165417735458	0.488074722838437
